,vol1,close1,vol2,close2,vol3,close3,vol4,close4,vol5,close5,vol6,close6,vol7,close7,vol8,close8,vol9,close9,vol10,close10,moving_average5_1,moving_average5_2,moving_average5_3,moving_average5_4,moving_average5_5,moving_average5_6,moving_average5_7,moving_average5_8,moving_average5_9,moving_average5_10
0,4615000,112.93,10779800,333.34,12932000,162.0,3348400,290.75,9124400,967.65,4687200,406.02,26200,217.67,31904400,190.11,1486100,232.33,2406100,2372.81,112.93,333.34,162.0,290.75,967.65,406.02,217.67,190.11,232.33,2372.81
1,13630100,114.73,8751600,323.51,6461300,164.0,3231700,289.75,6477400,969.43,6981000,407.25,6400,215.38,12396100,188.1,844400,239.14,8110500,2324.05,114.73,323.51,164.0,289.75,969.43,407.25,215.38,188.1,239.14,2324.05
2,3197500,118.56,15594300,311.71,19371700,166.75,7053200,266.25,8223700,979.64,8573400,412.0,14900,218.81,23122600,187.87,917300,231.13,6586000,2309.75,118.56,311.71,166.75,266.25,979.64,412.0,218.81,187.87,231.13,2309.75
3,5110400,118.33,13379500,311.38,8292100,166.0,13946000,268.5,13556800,1001.85,9593100,416.75,6800,215.95,16656400,186.08,1953900,230.48,3047800,2339.18,118.33,311.38,166.0,268.5,1001.85,416.75,215.95,186.08,230.48,2339.18
4,3989600,118.56,9930700,298.27,9164300,168.75,9220200,273.5,10576100,985.42,12612600,439.0,4700,215.95,20974500,184.74,1025300,227.13,3073300,2351.79,118.56,298.27,168.75,273.5,985.42,439.0,215.95,184.74,227.13,2351.79
5,7362700,120.79,22661500,337.61,0,168.75,20860300,321.0,11407100,981.42,3477000,422.25,4300,224.54,21386800,183.62,1884900,227.78,2028800,2341.7,116.622,315.642,165.5,277.75,980.798,416.204,216.752,187.38000000000002,232.042,2339.5160000000005
6,17806000,121.47,20688300,337.61,6581500,168.0,19487000,316.5,8122800,976.98,2041900,422.25,4700,227.4,12108400,180.93,1371600,231.67,4472200,2369.45,118.194,316.496,166.85,283.8,983.552,419.45,218.12599999999998,186.08200000000002,231.132,2333.2940000000003
7,11125600,126.2,9559200,373.66,7627500,171.0,9234100,330.25,5453300,991.19,2320400,420.5,1200,233.7,26967800,182.05,1007200,232.11,3268800,2434.19,119.542,319.316,167.65,289.15,985.0619999999999,422.45,220.53000000000003,184.648,229.638,2342.374
8,17770700,127.08,22188000,365.47,12993200,172.0,21928300,350.0,6838600,976.98,6498800,419.5,3400,237.71,29333000,179.59,3101800,234.05,5432500,2380.38,121.07000000000001,331.706,168.5,301.95,987.3720000000001,424.15,223.50799999999998,183.484,229.834,2367.2619999999997
9,8667400,126.63,17959700,373.66,11719100,172.5,13216300,337.0,4238400,984.53,14860700,418.0,1800,239.43,18473100,185.86,1169600,236.87,4860900,2319.0,122.82000000000001,342.524,169.7,318.25,982.3979999999999,424.7,227.85999999999999,182.18599999999998,230.548,2375.5019999999995
10,9602000,134.49,12932600,404.8,33463000,175.0,14138300,336.0,19807300,1008.07,15637400,400.0,10100,240.43,21842600,191.68,3254100,237.31,8263400,2260.14,124.434,357.60200000000003,170.45,330.95,982.22,420.5,232.55599999999998,182.41000000000003,232.496,2368.9440000000004
11,7203400,135.16,12624100,389.39,23341500,178.0,16209400,324.5,4600600,1002.74,13199700,400.0,11800,231.99,18631400,191.23,1996800,240.44,5500000,2253.42,127.174,371.04,171.7,333.95,987.55,416.05,235.734,184.02200000000002,234.402,2352.632
12,3993400,131.58,6558700,371.69,17192900,171.25,13826200,327.0,5573500,986.75,6937800,400.0,16900,231.99,19845600,191.23,1943600,243.8,3751200,2274.44,129.91199999999998,381.396,173.7,335.55,992.702,411.6,236.652,186.08200000000002,236.156,2329.426
13,7715400,132.03,4672800,385.13,8605400,169.25,3014300,323.0,4418500,988.97,5535100,398.0,10500,234.85,11425200,191.46,2628100,245.53,3959100,2295.46,130.988,381.00200000000007,173.75,334.9,991.814,407.5,236.31,187.91800000000003,238.494,2297.476
14,3035800,130.9,4325300,390.7,7207400,172.0,2624100,317.5,8012400,965.43,8496100,411.0,15900,237.14,9211900,184.96,689400,243.37,853600,2297.14,131.978,384.934,173.2,329.5,994.2120000000001,403.2,235.738,190.292,240.79000000000002,2280.4919999999997
15,5028600,132.93,11277400,387.75,13420800,170.0,13581800,299.5,9825900,940.57,4573300,400.0,3600,233.13,35415100,184.52,2167100,237.73,3084000,2295.46,132.832,388.34200000000004,173.1,325.6,990.392,401.8,235.28000000000003,190.11200000000002,242.08999999999997,2276.12
16,3285900,136.51,14883200,386.77,19687700,169.0,16101200,310.0,5201700,941.01,7111700,400.0,22600,237.71,27192500,187.2,2273500,235.57,2840300,2324.89,132.51999999999998,384.932,172.1,318.3,976.892,401.8,233.82,188.68,242.17399999999998,2283.184
17,16223300,139.21,11220900,397.91,30126900,175.0,11065200,283.5,6547300,945.89,10100900,409.5,6100,242.29,25537000,188.1,2282300,230.37,4283600,2320.68,132.79000000000002,384.408,170.3,315.4,964.546,401.8,234.964,187.87399999999997,241.2,2297.478
18,6760000,140.79,7613800,423.48,16914200,172.25,9572100,276.25,10852900,938.35,6765400,403.0,20100,242.29,21511600,184.07,1492500,223.01,1778400,2338.34,134.316,389.652,171.05,306.7,956.3740000000001,403.7,237.02400000000003,187.24800000000002,238.51400000000004,2306.726
19,4165600,138.76,4888700,401.52,5481700,171.5,4624100,302.0,2985900,943.23,5051600,420.0,73600,243.44,14381300,184.07,2192900,229.51,4112300,2451.85,136.068,397.322,171.65,297.35,946.25,404.7,238.512,185.77000000000004,234.01000000000005,2315.302
20,2874600,133.38,6187000,401.52,8499400,167.0,4753600,284.25,4332000,930.8,5581200,420.0,5500,242.29,13769800,182.05,2188400,229.95,4237900,2468.67,137.64,399.486,171.55,294.25,941.8099999999998,406.5,239.772,185.592,231.238,2346.244
21,12044600,131.58,6632100,400.53,12260700,164.0,3882900,289.0,2915500,922.8,8675100,424.25,82800,247.45,49439400,182.95,4523400,225.18,3739700,2441.76,137.73,402.24,170.95,291.2,939.856,410.5,241.60399999999998,185.09799999999996,229.68200000000002,2380.886
22,5166500,129.1,7161800,389.06,7466700,168.0,7404100,284.0,4885700,905.93,11469800,405.75,4600,247.45,21253400,185.41,3860300,220.85,2964200,2455.22,136.744,404.992,169.95,287.0,936.2140000000002,415.35,243.552,184.248,227.60399999999998,2404.26
23,4013600,129.33,3454300,395.29,3646700,167.5,10504400,263.5,5397700,903.26,2884600,417.5,11000,240.58,14546400,186.53,2357900,219.98,2214200,2457.74,134.722,403.222,168.55,287.1,928.2220000000001,414.6,244.584,183.71,225.7,2431.168
24,1596500,130.9,9443900,386.77,26288800,160.0,7730300,269.0,3742900,914.81,6120800,427.0,1518800,244.59,14749900,184.52,1793700,223.01,2239400,2435.88,132.43,397.58399999999995,167.6,284.55,921.204,417.5,244.24200000000002,184.20199999999997,225.094,2455.048
25,5567400,130.68,6514500,377.26,18000200,158.0,12919400,270.5,3328600,937.9,11413000,427.0,13900,247.45,21694900,180.93,2355400,221.5,4089500,2488.85,130.858,394.63399999999996,165.3,277.95,915.5200000000001,418.9,244.47200000000004,184.29199999999997,223.794,2451.8540000000003
26,1598900,129.78,11831300,384.8,12589000,159.0,11499700,261.0,5159000,961.88,5908000,430.0,8800,253.18,29864600,178.69,4322000,216.95,5452700,2560.32,130.31799999999998,389.782,163.5,275.2,916.9399999999999,420.3,245.504,184.06799999999998,222.10399999999998,2455.89
27,1571600,129.33,9250800,366.45,10730200,154.5,7181300,269.0,7303800,982.31,6908000,433.0,446900,250.01,25223500,184.07,1718700,216.52,5178100,2593.95,129.958,386.63599999999997,162.5,269.6,924.756,421.45,246.65,183.21600000000004,220.458,2479.602
28,6843700,130.45,5664000,342.85,22805400,162.75,10351400,264.25,6697600,966.32,3648500,418.0,51600,250.01,34087100,180.93,3329100,227.13,3499100,2606.56,130.00400000000002,382.114,159.8,266.6,940.0319999999999,426.9,247.16199999999998,182.948,219.592,2507.3479999999995
29,4691100,139.21,4365900,366.77,21273300,166.0,9749700,280.0,4297300,959.22,2985400,412.0,6400,245.36,18086200,185.41,2444800,218.04,4072000,2593.95,130.228,371.62600000000003,158.85,266.75,952.644,427.0,249.048,181.82800000000003,221.02200000000002,2537.112
30,6961200,136.51,15849600,381.85,18216500,163.0,16511700,274.0,10402800,911.26,5404500,421.25,6800,245.65,14576400,187.87,3168700,218.68,5446200,2623.38,131.89000000000001,367.62600000000003,160.05,268.95,961.5260000000001,424.0,249.202,182.00600000000003,220.02800000000002,2568.726
31,868500,135.16,9656200,380.54,11311400,160.5,11243300,267.0,5547100,926.35,22128900,416.75,0,245.65,19775300,191.68,3288100,215.22,5083800,2629.27,133.05599999999998,368.544,161.05,269.65,956.1980000000001,422.85,248.842,183.394,219.464,2595.632
32,3525000,133.38,5016100,390.05,10038400,161.0,3656600,266.0,3433100,923.69,10059200,425.0,0,240.71,10227000,190.11,3567300,212.19,2208800,2642.72,134.132,367.692,161.35,270.85,949.0920000000002,420.2,247.336,185.99200000000002,219.118,2609.422
33,7923900,137.41,15953600,390.05,9635400,157.0,12170000,282.5,10133000,937.01,5418300,425.0,0,234.19,20503900,187.2,2846500,210.45,3486400,2652.81,134.94199999999998,372.412,162.65,270.25,937.368,418.6,245.47599999999997,187.20000000000002,218.252,2619.176
34,6770400,136.51,18664500,409.06,24357600,164.0,5698600,277.25,11905900,895.27,14700100,425.0,351800,232.86,20415800,185.86,14198800,210.03,4784900,2673.83,136.334,381.852,161.5,273.9,931.506,420.0,242.31199999999998,188.454,214.91600000000003,2628.426
35,2863000,136.51,8970100,411.35,47408400,167.0,10429300,267.5,18423100,915.7,16253200,421.0,0,238.38,14080200,184.52,6749200,220.85,4475100,2591.43,135.79399999999998,390.31,161.1,273.35,918.716,422.6,239.81199999999998,188.54400000000004,213.314,2644.4019999999996
36,10728400,133.61,7229000,393.33,35207900,169.0,4095100,273.5,4716500,941.45,11524300,433.5,0,239.84,11719400,184.52,2505800,223.01,6954500,2538.46,135.79399999999998,396.21000000000004,161.9,272.05,919.604,422.55,238.358,187.874,213.74799999999996,2638.0119999999997
37,4584200,133.61,10096800,394.31,29091800,171.5,13969600,296.0,4229800,936.12,6333300,440.75,0,238.38,19850900,187.43,2772900,217.82,8424900,2476.24,135.48399999999998,398.76800000000003,163.6,273.35,922.624,425.9,237.196,186.442,215.30599999999998,2619.85
38,2053100,133.38,10666100,396.6,16976600,170.0,20446400,283.0,4206300,937.01,4461400,426.0,0,235.77,15329200,186.98,4787200,219.55,3954900,2484.64,135.53,399.62,165.7,279.35,925.11,429.05,236.73000000000002,185.906,216.43200000000002,2586.5539999999996
39,3411300,132.93,6388100,412.99,12160700,171.5,12518900,281.0,6198700,954.78,6398300,422.0,0,236.93,19061900,189.67,4361800,219.98,2715200,2466.15,134.724,400.93,168.3,279.45,925.11,429.25,237.046,185.862,218.252,2552.9199999999996
40,9218600,129.78,8450100,409.39,14946500,171.5,7367800,283.5,8699000,968.1,12190200,420.0,0,235.77,24667000,190.11,9450900,216.52,3000500,2438.4,134.00799999999998,401.716,169.8,280.2,937.012,428.65,237.85999999999999,186.624,220.24200000000002,2511.3839999999996
41,5457500,130.23,10615500,414.63,15071500,166.0,4585900,280.0,6293600,968.1,8878100,429.0,0,235.77,18407000,191.68,5768900,209.59,2979000,2396.36,132.66199999999998,401.32399999999996,170.7,283.4,947.492,428.45,237.33800000000002,187.74200000000002,219.37600000000003,2480.778
42,889600,129.78,12193600,434.3,16142800,163.0,9882100,270.0,4796500,950.34,10189400,432.0,0,229.37,29074800,194.82,2238700,208.94,3528700,2438.4,131.98600000000002,405.584,170.1,284.7,952.8219999999999,427.55,236.52399999999997,189.17399999999998,216.692,2452.3579999999997
43,1423400,131.13,7455200,434.3,19249800,166.75,3962000,275.75,3969100,940.57,10167200,432.0,0,229.37,36115400,195.26,4472000,207.86,1541300,2433.35,131.22,413.58200000000005,168.4,279.5,955.6659999999999,425.8,234.72200000000004,190.652,214.916,2444.79
44,743300,132.93,10246000,399.88,15396600,170.5,5552200,278.5,6136100,905.93,11777600,444.0,14494100,232.92,30570800,199.74,3289900,207.86,2164900,2476.24,130.77,421.122,167.75,278.05,956.378,427.0,233.442,192.308,212.57799999999997,2434.532
45,2160000,133.61,7417600,399.88,8841600,171.5,5269700,292.5,7791700,934.35,12082100,444.0,9791000,227.81,28224300,197.05,3112700,207.21,3495000,2418.22,130.76999999999998,418.5,167.55,277.55,946.608,431.4,232.64000000000001,194.322,210.154,2436.55
46,5036400,135.16,6994800,383.49,4710900,172.0,5859500,290.0,19577400,1039.15,11598900,451.0,7222300,226.1,23324700,197.95,5186100,207.64,4219900,2457.74,131.536,416.59800000000007,167.55,279.35,939.858,436.2,231.048,195.70999999999998,208.292,2432.514
47,1924200,140.99,9517800,380.87,10460000,168.0,4176300,287.25,25428100,1105.76,26261900,450.0,5811900,221.56,19101800,203.32,3380000,212.19,4602900,2551.91,132.522,410.37000000000006,168.75,281.35,954.068,440.6,229.11399999999998,196.964,207.90200000000004,2444.79
48,2008900,138.31,13805000,386.77,9052300,169.5,4114500,279.75,13560700,1070.24,37157200,453.0,10251100,221.42,24475500,200.64,2448500,210.89,3806000,2527.53,134.764,399.684,169.75,284.8,985.152,444.2,227.552,198.664,208.552,2467.4919999999997
49,1757700,136.06,5068300,383.49,14794300,171.5,5303200,260.0,6831000,1077.34,8466000,424.75,6907000,220.71,48923500,203.32,2011100,205.69,3352100,2525.0,136.2,390.178,170.3,285.6,1011.086,448.4,225.96200000000005,199.73999999999998,209.158,2486.328
50,2528000,140.99,7172500,363.83,8881600,172.0,6485700,270.0,8978100,1133.3,6507800,426.0,10155800,219.71,18201300,201.98,2874200,201.36,2330700,2541.82,136.82599999999996,386.9,170.5,281.9,1045.368,444.55,223.51999999999998,200.456,208.724,2496.08
51,1653400,139.66,6873800,375.3,13237800,172.0,4625500,262.0,7199600,1121.75,4568500,426.5,5681500,220.14,17083200,204.67,2775000,203.09,1999400,2493.05,138.302,379.69,170.6,277.4,1085.158,440.95,221.9,201.442,207.554,2520.8
52,2138900,139.66,7791900,361.86,10159100,174.75,3387200,268.5,6236500,1143.07,6626500,428.25,7047400,224.4,18685700,202.88,2616000,204.18,1842900,2481.28,139.202,378.052,170.6,271.8,1101.678,436.05,220.708,202.786,206.644,2527.862
53,1238400,142.8,8640200,373.99,7433600,176.75,7869700,260.5,6604900,1120.86,4110600,430.5,3768600,223.26,10583200,198.85,4268600,206.99,5158800,2438.4,138.93599999999998,374.25,171.95,268.05,1109.1399999999999,431.7,221.276,202.69799999999998,205.042,2513.7360000000003
54,887900,144.82,6207000,376.93,16299900,178.5,13137700,245.0,4090800,1132.41,3525400,436.0,3320500,226.81,5787800,198.85,1581000,210.77,1828400,2436.72,139.834,371.694,173.4,264.2,1119.264,427.2,221.64399999999995,202.33999999999997,204.262,2495.91
55,2297400,144.82,6110600,372.35,8739200,182.0,10566300,238.0,5681200,1147.51,5925900,431.25,4067000,221.98,24006500,202.65,3631300,212.55,1995200,2480.44,141.58599999999996,370.382,174.8,261.2,1130.2779999999998,429.45,222.86399999999998,201.446,205.27800000000002,2478.254
56,4767100,146.85,11673000,366.45,10360000,177.25,15780200,249.0,8175000,1161.72,10920500,417.0,7930500,227.81,19171900,201.76,3807500,204.99,2267900,2488.85,142.352,372.08600000000007,176.8,254.8,1133.12,430.5,223.31799999999998,201.57999999999998,207.516,2465.978
57,3179300,146.85,14167500,370.05,26853200,183.5,7565200,252.75,7746400,1183.92,12551100,422.0,9105900,229.8,13404600,197.95,3290200,205.21,2899800,2505.67,143.79000000000002,370.31600000000003,177.85,252.2,1141.114,428.6,224.852,200.998,207.89600000000002,2465.138
58,1061900,145.95,11496300,383.49,16591700,180.0,7290100,246.0,6308600,1203.46,17936400,420.0,8730900,232.07,13814400,198.85,1377700,208.1,3759100,2567.89,145.228,371.954,179.6,249.05,1149.284,427.35,225.93199999999996,200.012,208.102,2470.016
59,1520100,147.3,7062400,375.95,10657200,180.0,12409500,239.0,7529600,1184.81,12262000,417.75,8197500,230.08,13626200,198.4,2859900,207.22,2020600,2581.34,145.858,373.854,180.25,246.15,1165.804,425.25,227.69399999999996,200.012,208.324,2495.9139999999998
60,3696700,149.98,5553000,371.04,6594900,178.0,7216600,233.75,6255000,1182.15,5113700,417.75,2549700,229.09,15620300,197.05,1235500,209.44,2479300,2560.32,146.35399999999998,373.658,180.55,244.95,1176.284,421.6,228.34799999999996,199.92199999999997,207.61399999999998,2524.838
61,9809700,148.86,8773700,367.43,19991200,182.5,10481200,234.0,6176000,1215.01,18296900,417.5,7662800,232.92,15670300,193.92,3361300,208.55,2484000,2606.56,147.38600000000002,373.396,179.75,244.1,1183.212,418.9,229.77000000000004,198.802,206.99200000000002,2540.814
62,3199200,150.88,6651900,370.05,18629900,181.5,7727100,227.0,10936600,1195.47,7811700,425.0,5551600,230.36,23193800,192.35,2307600,204.99,1636400,2600.68,147.78799999999998,373.592,180.8,241.1,1193.8700000000001,419.0,230.792,197.23399999999998,207.704,2564.3559999999998
63,4094700,151.11,15361300,367.43,20957400,182.25,10785700,231.0,5219200,1168.82,5916600,434.0,3500200,236.61,25498400,191.68,1848800,207.44,1618400,2621.7,148.594,373.592,180.4,235.95,1196.18,419.6,230.904,196.11399999999998,207.66,2583.3579999999997
64,2117500,149.98,6190800,369.07,5744100,181.75,11983700,238.0,5642900,1146.62,4925400,442.0,5673600,236.61,25937700,197.05,1588200,209.22,1097000,2657.01,149.626,370.38,180.85,232.95,1189.252,422.4,231.81199999999998,194.68,207.52800000000002,2594.12
65,3697200,149.98,5451400,377.92,8159700,180.25,9947300,236.75,5335100,1130.63,5788900,425.0,12249000,241.73,15778100,192.58,3729100,209.44,3662700,2600.68,150.162,369.004,181.2,232.75,1181.614,427.25,233.11800000000002,194.41,207.92800000000003,2609.254
66,1345200,152.46,14872400,377.92,10621900,171.0,16810400,230.5,7600100,1119.09,4851300,425.0,11114700,241.02,16610500,195.26,2459900,208.99,2570800,2605.72,150.162,370.38,181.65,233.35,1171.31,428.7,235.64600000000002,193.51600000000002,207.92800000000003,2617.326
67,3050200,152.91,11081100,387.1,16402000,177.0,25564300,238.75,8402800,1104.88,4492200,422.0,8647800,240.16,15917800,194.14,1252800,208.55,1978500,2640.2,150.882,372.478,179.35,232.65,1152.126,430.2,237.26600000000002,193.784,208.016,2617.158
68,3247100,156.27,11550800,404.8,8405400,171.0,25365700,242.0,10724000,1096.88,13994300,427.75,8214300,243.71,20719100,194.59,5103400,206.77,3081900,2678.03,151.288,375.88800000000003,178.45,235.0,1134.008,429.6,239.22600000000003,194.142,208.72799999999998,2625.0619999999994
69,3171200,158.07,10174500,417.25,3918700,170.0,24939300,252.0,4849900,1139.51,12946500,429.0,7406200,252.8,5171500,195.04,3782300,206.33,1923200,2693.17,152.32,383.362,176.2,237.2,1119.6200000000001,428.35,240.64600000000002,194.724,208.594,2636.3280000000004
70,2459400,157.39,8597100,416.92,8067000,174.0,9034400,243.0,22506300,1167.05,16817600,418.5,20331700,240.02,7400700,194.82,2247800,207.22,1742300,2637.68,153.93800000000002,392.998,173.85,240.0,1118.198,425.75,243.88400000000001,194.322,208.016,2643.56
71,7043300,156.27,7697200,420.2,7339400,172.5,7568600,241.0,23234700,1167.94,16330600,393.5,17423100,220.71,18600600,191.01,3974000,206.55,2535200,2581.34,155.42000000000002,400.798,172.6,241.25,1125.4820000000002,424.45,243.542,194.76999999999998,207.57200000000003,2650.96
72,1735900,157.17,13592700,424.46,4402900,172.0,4371600,242.0,4157400,1163.49,9802700,377.0,20897700,201.96,12266700,193.7,8744800,206.77,3174200,2605.72,156.182,409.254,172.9,243.35,1135.252,418.15,239.48000000000002,193.92,207.084,2646.084
73,8023700,155.16,9581500,422.49,4391800,172.5,5363400,238.0,5198000,1173.26,19422500,390.0,54138700,200.82,12409700,193.25,5994200,201.88,2601700,2647.77,157.034,416.726,171.9,244.0,1146.9740000000002,409.15,231.84,193.83200000000002,206.728,2639.188
74,5145800,157.39,5889300,401.52,8364700,172.5,3763000,236.5,6849000,1181.26,11594600,366.25,10441900,198.83,17289900,191.01,1690600,194.77,2158400,2678.03,156.81199999999998,420.264,172.2,243.2,1162.25,401.6,223.26200000000003,193.564,205.75,2633.136
75,2781400,159.87,15782700,385.13,11091600,172.0,2525200,237.5,7959100,1204.35,6693900,360.0,12117500,193.72,17312200,186.75,2130000,193.43,4899200,2774.73,156.676,417.11800000000005,172.7,240.1,1170.6,389.05,212.468,192.75799999999998,203.438,2630.108
76,4704900,158.52,16567800,385.46,13682600,171.0,4624500,231.0,7788000,1203.46,15561100,381.5,18700900,196.56,38232000,191.9,2320600,192.98,4297600,2724.28,157.172,410.76000000000005,172.3,239.0,1178.0600000000002,377.35,203.20800000000003,191.144,200.68,2657.518
77,6425100,159.42,15343800,366.12,14128900,175.5,5786400,231.5,8239100,1228.33,29954300,383.0,15369300,195.99,13883000,192.58,3271300,192.54,4972200,2810.04,157.62199999999999,403.812,172.0,237.0,1185.1640000000002,374.95,198.37800000000001,191.322,197.96599999999998,2686.106
78,5376500,160.09,10836100,362.19,9378300,165.0,6289000,220.25,10700800,1243.43,17384400,398.0,13741800,200.82,19772100,188.99,1884600,192.1,7076000,2741.1,158.07199999999997,392.14399999999995,172.7,234.9,1198.132,376.15,197.18400000000003,191.098,195.11999999999998,2726.9700000000003
79,7439900,158.52,20894100,385.13,6370200,167.5,6881400,227.5,8519300,1226.55,8291900,367.0,8239800,202.95,13674600,193.92,4253800,184.76,2856400,2752.03,159.058,380.084,171.2,231.35,1212.166,377.75,197.18400000000003,190.246,193.16400000000002,2745.6360000000004
80,2729200,153.81,20248000,360.55,7245200,165.0,6705200,225.0,7075600,1215.01,12259000,326.25,14331000,195.99,67049600,210.27,10720700,182.31,3458800,2805.84,159.284,376.80600000000004,170.2,229.55,1221.224,377.9,198.00799999999998,190.828,191.16199999999998,2760.436
81,1118700,152.68,15925100,331.05,5242100,165.0,1870000,219.75,7036300,1228.33,11767700,349.0,15204100,189.18,43481100,213.18,16445000,170.75,2404700,2773.05,158.07199999999997,371.89,168.8,227.05,1223.3560000000002,371.15,198.462,195.53199999999998,188.93800000000002,2766.6580000000004
82,7333600,154.48,23260800,340.88,9853800,166.0,5126000,213.0,8375600,1252.31,17204600,335.0,26509300,192.59,39233900,207.8,9314400,168.64,6019200,2846.2,156.904,361.008,167.6,224.8,1228.3300000000002,364.65,196.98600000000002,199.788,184.49200000000002,2776.4120000000003
83,988600,151.78,22522400,325.81,5908200,169.75,7341600,215.75,6795300,1305.6,5995600,339.0,7255000,188.32,35071900,212.95,4551200,167.64,6047000,2926.08,155.916,355.9599999999999,165.7,221.1,1233.1259999999997,355.05,196.306,202.83199999999997,179.71200000000002,2783.6440000000002
84,3458900,149.98,14368700,310.4,12548600,168.0,7159400,217.0,11068700,1262.97,9813400,335.5,7216600,180.8,49650000,214.07,11910200,162.3,5069600,2960.55,154.254,348.684,166.65,220.2,1245.56,343.25,193.80599999999998,207.62400000000002,174.82,2820.6400000000003
85,777000,155.38,9826900,301.55,18886000,165.25,2719600,220.0,8421100,1270.96,10799600,332.0,17903500,172.99,15547800,214.75,6026900,164.31,7022800,2905.06,152.546,333.738,166.75,218.1,1252.844,336.95,189.37599999999998,211.654,170.32800000000003,2862.344
86,2744500,149.08,10377100,316.95,25064700,169.0,4749100,216.5,5962100,1288.73,11487700,347.0,16284200,177.82,107202900,223.03,18985200,158.3,6180000,2983.26,152.85999999999999,321.938,166.8,217.1,1264.034,338.1,184.77599999999998,212.55,166.72799999999998,2882.188
87,7437900,146.17,8826500,311.38,13966100,164.5,5518500,212.75,9256200,1301.16,23024900,335.5,16343200,179.8,33680800,219.45,6843500,162.3,4776800,3018.57,152.14000000000001,319.11800000000005,167.6,216.45,1276.114,337.7,182.504,214.51999999999998,164.238,2924.23
88,1792400,147.75,7541600,316.3,11673900,164.0,6062800,211.0,9496200,1268.3,9561100,351.0,12826400,177.1,21775400,222.58,4007900,165.2,12239600,2979.89,150.478,313.218,167.3,216.4,1285.884,337.8,179.946,216.85,162.96999999999997,2958.704
89,3718200,146.85,5208200,314.33,18040400,166.5,5730600,213.5,4622100,1267.41,11375800,364.0,8237800,188.32,128346600,218.55,2942400,171.2,5020500,2879.83,149.672,311.31600000000003,166.15,215.45,1278.4240000000002,340.2,177.70200000000003,218.77599999999998,162.48200000000003,2969.466
90,2799800,144.82,6919100,316.3,5484400,167.0,22473800,215.25,3583900,1278.96,10542000,365.0,7546900,189.46,39527300,213.85,2703300,162.3,2708900,2909.26,149.046,312.102,165.85,214.75,1279.3120000000001,345.9,179.206,219.67200000000003,164.262,2953.3219999999997
91,4777400,151.56,7138900,317.94,13361500,170.5,7203300,216.5,9598600,1320.7,13796800,375.0,7538900,194.01,14557500,216.09,5640300,166.75,2782200,2927.76,146.93400000000003,315.05199999999996,166.2,213.8,1280.912,352.5,182.5,219.49200000000002,163.85999999999999,2954.162
92,2716500,152.23,7828100,322.85,8751400,172.75,8278300,219.0,8206300,1324.25,8180800,374.0,8543300,187.47,12333300,215.19,4025000,172.53,2975100,2964.76,147.42999999999998,315.25,166.5,213.8,1287.306,358.1,185.738,218.10399999999998,165.55,2943.0620000000004
93,8946600,149.53,11553600,316.3,9530100,175.0,5764500,216.75,7888000,1318.92,5488800,383.5,9692100,181.51,20735000,220.57,3037500,168.53,4885700,3001.75,148.642,317.54400000000004,168.15,215.05,1291.924,365.8,187.272,217.252,167.596,2932.3
94,9018800,157.17,12966000,314.01,9533600,169.25,2365000,215.0,3866100,1294.94,5837100,377.5,5675700,174.97,22398800,223.7,2790600,168.53,2231900,2961.39,148.998,317.544,170.35,216.2,1302.048,372.3,188.154,216.85,168.262,2936.672
95,8122300,152.68,22625000,304.83,17187200,166.0,24431500,211.0,17058800,1190.14,23768700,374.25,7983900,174.69,32555000,224.82,3402700,160.52,6816200,2973.17,151.06199999999998,317.48,170.9,216.5,1307.554,375.0,185.484,217.88000000000002,167.728,2952.984
96,4927200,148.63,20447600,293.35,17434100,165.5,10716200,201.5,12558300,1153.72,12727800,370.0,9358200,167.59,25630300,227.28,5099700,166.75,6346200,2954.67,152.63399999999996,315.186,170.7,215.65,1289.79,376.85,182.53000000000003,220.07399999999998,167.37199999999999,2965.766
97,1773800,147.52,7327600,298.27,8017700,164.5,8518500,196.5,9601300,1184.81,5824500,383.0,8752100,171.57,17110200,221.24,5120700,166.75,3985100,2964.76,152.04799999999997,310.26800000000003,169.7,212.65,1256.394,375.85,177.24600000000004,222.31199999999998,167.372,2971.148
98,4040600,144.15,9348100,283.19,13169400,164.0,11988200,188.0,10179400,1194.58,11604700,370.25,10666400,172.56,31118800,222.81,2042400,164.53,5283900,2990.82,151.106,305.352,168.05,208.15,1228.506,377.65,174.06600000000003,223.522,166.216,2971.148
99,8726100,144.6,6850200,290.08,11923500,162.75,6336300,196.79,7770600,1240.76,7403400,368.0,5468800,170.43,36860600,232.44,2437000,166.3,8075400,2927.76,150.03,298.73,165.85,202.4,1203.6380000000001,375.0,172.27599999999998,223.96999999999997,165.416,2968.962
100,8125200,145.72,12433700,291.72,10247600,161.75,6226700,188.0,6140800,1234.55,14903300,370.0,18172500,169.29,42006200,233.78,3018900,165.78,8362100,2909.26,147.51600000000002,293.944,164.55,198.75799999999998,1192.8020000000001,373.1,171.368,225.71800000000002,164.96999999999997,2962.236
101,4450200,145.95,12988900,292.37,10646300,161.5,7564900,184.0,7650000,1230.11,8774200,380.0,5659200,170.51,35191800,240.05,5006400,159.64,4943300,2905.06,146.124,291.322,163.7,194.158,1201.684,372.25,170.28799999999998,227.51,166.022,2949.454
102,4249100,141.67,13242100,281.88,5764400,163.74,4108400,183.47,7005300,1250.53,9194200,363.75,7437500,169.58,34129000,231.54,2361700,157.41,4083000,2820.98,145.58800000000002,291.12600000000003,162.9,190.658,1216.962,374.25,170.87199999999999,230.064,164.6,2939.532
103,6525300,136.74,11028000,269.76,6263500,164.5,4598000,184.0,4160500,1247.87,10770000,354.5,6163500,167.59,16109100,231.99,2551200,160.08,5998800,2699.06,144.418,287.84800000000007,162.748,188.052,1230.106,370.4,170.474,232.12399999999997,162.732,2910.776
104,2654000,140.99,5035000,275.33,8532200,162.75,3751000,183.0,5235800,1302.05,17034800,345.0,4947100,173.55,27066500,233.78,1087500,162.75,4764500,2720.08,142.93599999999998,285.162,162.848,187.252,1240.764,367.25,169.48000000000002,233.95999999999998,161.842,2852.424
105,5099800,154.22,14657200,286.8,8362100,165.5,3729900,184.0,10529000,1304.71,7626300,364.0,9857000,173.27,13757100,228.85,5801200,163.86,7432200,2732.69,142.214,282.212,162.848,184.494,1253.022,362.65,170.10399999999998,234.228,161.132,2810.888
106,5107400,154.73,12018300,282.21,10226700,166.0,9479300,183.25,6996500,1326.92,12936100,382.0,12510300,166.17,21384900,230.2,4019800,171.75,16284600,2665.42,143.91400000000002,281.22799999999995,163.598,183.69400000000002,1267.0539999999999,361.45,170.9,233.24200000000002,160.748,2775.574
107,3602200,153.24,7822200,311.38,9662900,167.25,8955700,185.75,9678600,1298.91,15092500,390.0,10798300,162.62,10226900,235.35,5550800,174.67,5304400,2697.35,145.67000000000002,279.196,164.498,183.544,1286.416,361.85,170.03199999999998,231.272,163.17000000000002,2727.6459999999997
108,2471800,150.74,16848700,313.02,8835100,167.75,4357900,192.0,5116500,1327.8,5342000,384.81,6130500,165.17,11327700,242.29,2590500,183.73,3060000,2699.06,147.984,285.096,165.2,184.0,1296.092,367.1,168.64,232.03399999999996,166.622,2702.92
109,1917800,150.98,11191600,294.01,2618000,165.25,6455200,196.5,4323000,1337.57,2589600,384.0,4764300,165.17,8815500,241.39,5372500,179.65,1625300,2698.21,150.78400000000002,293.74799999999993,165.85,185.6,1312.078,373.162,168.156,234.094,171.352,2702.92
110,3360900,150.98,15139500,315.97,14889500,169.5,7409800,207.0,8121800,1394.42,12237200,386.0,4402000,170.43,18287700,235.57,6621900,188.09,3865800,2673.83,152.782,297.484,166.35,188.3,1319.182,380.962,166.48,235.61599999999999,174.732,2698.546
111,3181200,157.72,18727400,315.97,19626800,172.5,5943800,211.0,6562900,1430.83,14671600,386.0,8234000,178.38,14358500,233.55,20168100,185.43,3402800,2665.42,152.13400000000001,303.318,167.15,192.9,1337.124,385.36199999999997,165.91199999999998,236.95999999999998,179.578,2686.7740000000003
112,1824900,162.71,20298400,304.83,7452300,171.5,2601200,211.5,10301800,1387.31,11250600,393.0,7286700,179.64,11731300,233.11,16137200,189.87,2675700,2657.01,152.73200000000003,310.07000000000005,168.45,198.45,1357.906,386.162,168.35399999999998,237.62999999999997,182.314,2686.7740000000003
113,596500,161.46,11047600,294.99,11267700,179.0,4270800,221.5,3690400,1381.09,11565400,380.0,7384700,175.54,9800900,237.14,9839300,199.88,3747800,2681.9,154.62600000000003,308.76,169.3,203.6,1375.586,386.762,171.75799999999998,237.18199999999996,185.354,2678.706
114,2060100,161.71,11071000,280.9,13127500,173.0,3297600,216.5,6166300,1373.99,16898000,370.0,12743800,180.09,23507700,239.6,4581500,205.66,3466800,2841.16,156.77,305.154,171.55,209.5,1386.244,385.8,173.832,236.152,188.584,2675.2740000000003
115,1013000,162.47,7430400,283.07,6853700,175.5,3112600,219.0,4443200,1342.9,20042900,376.0,11731000,176.96,17611200,240.05,4740800,203.66,3523700,2858.81,158.916,302.532,173.1,213.5,1393.5279999999998,383.0,176.816,235.794,193.786,2703.864
116,926000,160.71,13428400,291.72,7352500,173.0,15797200,212.0,5475400,1331.36,7106700,371.0,9891800,177.67,22205000,240.27,5532900,204.99,3013100,2857.97,161.214,295.952,174.3,215.9,1383.2239999999997,381.0,178.122,236.69,196.9,2740.8599999999997
117,2859500,160.97,10005300,288.44,10834400,176.75,14576100,229.0,3989000,1350.01,16860100,381.5,6283100,176.54,27443100,248.78,2939200,207.22,3629800,2846.2,161.812,291.102,174.4,216.1,1363.3299999999997,378.0,177.98,238.03400000000002,200.81199999999998,2779.37
118,1481000,159.46,6455300,281.23,7389500,174.25,4257300,222.0,3142800,1310.04,11228400,373.0,5035400,179.8,15533700,243.63,2391400,208.55,3936400,2833.59,161.464,287.824,175.45,219.6,1355.87,375.7,177.35999999999999,241.16799999999998,204.28199999999998,2817.2079999999996
119,1271100,156.98,9846600,271.39,24616900,171.25,12350600,226.5,5425600,1342.02,9070400,388.0,4029800,177.25,27930900,245.65,5034100,205.43,5914000,2749.51,161.06400000000002,285.072,174.5,219.7,1341.66,374.3,178.212,242.46599999999998,206.016,2847.546
120,3835000,160.97,25959200,265.49,11732300,168.0,6137100,220.0,8412000,1363.33,13130200,375.0,7158100,175.54,21102200,245.42,7522200,206.77,5925500,2678.03,160.118,283.16999999999996,174.15,221.7,1335.266,377.9,177.644,243.67600000000002,205.97000000000003,2829.216
121,9373000,159.72,21457500,278.6,15645700,172.5,17332100,217.5,10330800,1354.45,8534500,388.0,5420500,178.53,33647000,242.51,1555200,205.43,5215700,2720.08,159.818,279.65400000000005,172.65,221.9,1339.352,377.7,177.35999999999999,244.75,206.592,2793.0600000000004
122,2215700,159.72,7962200,290.73,17409700,174.0,11183100,224.75,9234600,1323.36,5792700,374.0,4533700,176.68,17628800,244.53,2671400,206.77,2437300,2801.64,159.62,277.03000000000003,172.55,223.0,1343.9699999999998,381.1,177.53199999999998,245.19799999999995,206.68,2765.482
123,36078700,155.22,7131000,298.93,10680800,173.0,6021100,224.0,4400100,1303.82,7719500,373.0,3578400,171.42,13511900,247.66,2938000,209.88,2269600,2799.95,159.37,277.488,172.0,222.15,1338.6399999999999,379.6,177.56,244.348,206.59,2756.57
124,12673300,146.75,7954100,300.56,9393900,177.0,9224300,219.75,4243700,1318.92,8804900,374.0,4171300,172.7,27711700,256.17,4078100,206.99,2762000,2791.55,158.522,281.028,171.75,222.55,1337.396,379.6,175.884,245.154,206.85600000000005,2749.8419999999996
125,18744000,149.49,9652600,295.32,10164900,175.5,34137700,230.0,6414900,1258.53,6073800,374.0,5244300,173.13,43454200,254.16,1572500,205.43,2680700,2741.1,156.476,286.86199999999997,172.9,221.2,1332.7759999999998,376.8,174.974,247.25799999999998,207.16800000000003,2758.25
126,1274300,147.73,6357000,296.63,5006300,176.5,4444400,224.5,5910000,1252.31,7518000,383.25,3972300,177.96,40419700,247.66,811400,207.22,1891400,2812.57,154.18,292.828,174.4,223.2,1311.816,376.6,174.492,249.006,206.9,2770.8639999999996
127,8785500,152.23,10620700,287.13,28054400,179.0,5673900,228.0,8446100,1263.86,9690500,373.0,2616700,183.35,23361000,246.32,1078500,208.99,1731400,2842.0,151.782,296.434,175.2,224.6,1291.3880000000001,375.65,174.378,250.036,207.25799999999998,2789.362
128,3179300,152.72,7320300,301.55,10644300,185.25,7059900,239.0,5647100,1300.27,7152900,371.5,4560400,186.9,18847300,238.26,3314400,213.44,2356400,2900.85,150.28400000000002,295.71400000000006,176.2,225.25,1279.4879999999998,375.45,175.71200000000002,250.394,207.702,2797.434
129,3137100,156.72,5627500,307.78,17634900,181.0,16080000,245.0,5715200,1270.07,13087100,374.0,10024300,186.9,23993700,239.15,3714700,215.22,2817000,2905.9,149.78400000000002,296.23799999999994,178.65,228.25,1278.7779999999998,375.15,178.808,248.51399999999998,208.414,2817.614
130,7009400,155.22,9671600,309.74,8918200,178.0,12383200,244.0,7337600,1238.99,14089000,369.5,6444100,191.17,25186000,243.18,4332400,215.67,5194700,2905.06,151.77800000000002,297.682,179.45,233.3,1269.0079999999998,375.15,181.648,245.10999999999999,210.06,2840.484
131,4835300,151.23,8276400,295.98,7713000,179.5,22815700,247.0,6266700,1287.84,21218000,373.0,6303800,191.73,37429800,253.48,2607700,214.1,7220300,3026.98,152.924,300.566,179.95,236.1,1265.1,374.25,185.256,242.914,212.10800000000003,2873.276
132,3400500,150.49,9913600,288.44,8022000,175.75,14748600,246.75,7653800,1280.73,6393700,367.5,5595000,188.04,22586200,244.08,4629000,214.33,6124700,2909.26,153.624,300.43600000000004,180.55,240.6,1272.206,372.2,188.01,244.07800000000003,213.48399999999998,2916.158
133,2379400,149.98,7140800,285.82,4401200,180.0,4779600,240.25,4852400,1270.07,13936400,362.0,4062400,188.04,10496400,249.23,4733300,215.22,2609000,2858.81,153.276,300.698,179.9,244.35,1275.58,371.1,188.948,243.62999999999997,214.552,2929.6099999999997
134,2904700,155.47,10448700,291.06,7035500,180.0,27524800,251.0,8543600,1266.52,10993600,366.0,6093900,187.19,21831500,246.32,6353000,228.0,4131400,2909.26,152.728,297.552,178.85,244.6,1269.5399999999997,369.2,189.176,245.824,214.908,2921.202
135,2325800,154.73,13351000,291.72,5803100,174.0,28500300,235.0,11335700,1290.5,10042500,388.0,5053600,190.88,35133800,235.57,13024700,231.23,5835800,2774.73,152.478,294.20799999999997,178.65,245.8,1268.83,367.6,189.23399999999998,247.25799999999998,217.46400000000003,2921.874
136,3877400,155.22,12232300,310.4,13395400,174.5,19624300,223.0,9098600,1272.74,11887100,383.5,10121000,178.95,29801200,242.51,3683400,235.67,5192100,2720.08,152.38000000000002,290.604,177.85,244.0,1279.132,371.3,189.176,245.73599999999996,220.57599999999996,2895.808
137,2153800,156.72,11311500,320.56,13950800,172.0,16484700,219.0,7741900,1278.96,7522500,386.0,7209500,186.34,42925200,243.63,3259800,229.11,2421400,2704.1,153.17800000000003,293.488,176.85,239.2,1276.1119999999999,373.4,186.61999999999998,243.542,224.89000000000001,2834.428
138,6931400,164.72,9908300,313.35,9426900,172.25,6056600,220.0,9678000,1372.21,10965900,387.0,5437800,184.35,37468700,234.67,3661500,231.23,3621300,2741.1,154.424,299.912,176.1,233.65,1275.758,377.1,186.28,243.45199999999994,227.846,2793.3959999999997
139,4373800,154.73,8600600,324.49,18160000,171.5,8158900,219.0,6844800,1341.13,18384400,389.0,6684000,197.13,25808100,238.26,3011700,228.56,4707600,2699.9,157.372,305.418,174.55,229.6,1296.1860000000001,382.1,185.542,240.54000000000002,231.048,2769.8540000000003
140,5120800,158.23,7996500,336.62,22433000,175.0,6221800,220.0,6647100,1376.65,27824100,390.0,14077400,197.41,18092700,237.59,7864000,230.34,4110400,2741.1,157.224,312.10400000000004,172.85,223.2,1311.108,386.7,187.53,238.92799999999997,231.16,2727.982
141,3692700,155.73,16389900,334.0,15555700,177.0,11766700,220.5,10128300,1326.92,33542900,367.0,22179800,195.99,18734200,238.26,2770600,224.11,6198700,2808.36,157.924,321.084,173.05,220.2,1328.3380000000002,387.1,188.83599999999998,239.33199999999997,230.98199999999997,2721.2560000000003
142,8455100,156.72,11684700,337.61,17409600,173.25,15953100,218.0,14246900,1326.92,25399300,342.0,11767400,195.14,34599900,240.94,4047100,223.22,7570600,2842.0,158.026,325.804,173.55,219.7,1339.1740000000002,383.8,192.24399999999997,238.48199999999997,228.67000000000002,2738.9120000000003
143,2712200,154.73,6918500,313.02,11014800,177.25,5764600,224.75,5011400,1366.0,27892900,347.0,9035700,203.66,14314900,250.35,2378500,229.22,3713700,2858.81,158.026,329.21400000000006,173.8,219.5,1348.766,375.0,194.004,237.94400000000002,227.49200000000002,2766.492
144,1473000,161.96,5053800,306.47,17055700,180.25,23121400,223.0,5650600,1416.62,14936900,352.75,5941400,200.68,16101000,255.05,1681600,232.11,4379400,2892.45,156.028,329.148,174.8,220.45,1347.5240000000001,367.0,197.86599999999999,241.07999999999998,227.09,2790.034
145,1660800,161.22,7221100,300.89,12009300,180.75,27168500,214.0,3241800,1385.54,28294100,351.5,6045500,193.15,28520900,254.83,6681800,229.45,3688400,2926.08,157.474,325.544,176.55,221.25,1362.6219999999998,359.75,198.57599999999996,244.43800000000002,227.8,2828.5439999999994
146,816800,159.72,12163800,312.04,10980900,182.25,6140700,218.0,6922900,1420.17,20193500,358.0,7458300,194.57,14447100,246.32,2694600,240.12,4138500,2821.82,158.072,318.39799999999997,177.7,220.05,1364.4,352.05,197.724,247.88599999999997,227.622,2865.54
147,655800,163.2,4176700,302.2,920100,180.25,12096800,226.0,3107200,1401.52,4492800,363.0,1994400,194.57,4979000,247.21,1189800,245.01,1201500,2794.91,158.87,314.006,178.75,219.55,1383.05,350.25,197.44,249.498,230.82399999999998,2868.2319999999995
148,891500,164.72,7374200,291.39,2251700,186.0,2477900,226.25,2918400,1403.3,15002400,364.0,1799300,203.95,5876700,255.05,2164800,249.9,2697000,2879.83,160.166,306.92400000000004,180.15,221.15,1397.97,354.45,197.32599999999996,250.752,235.18199999999996,2858.814
149,1013700,169.69,3851400,291.39,2416800,184.0,2027400,224.0,3029100,1401.52,10921200,364.0,2282700,206.93,8060000,252.59,1229100,254.35,1133300,2873.11,162.164,302.59800000000007,181.9,221.45,1405.43,357.85,197.38400000000001,251.692,239.31800000000004,2863.018
150,377900,169.2,3744000,290.73,3109900,184.5,954300,224.0,2140600,1405.08,6917500,371.75,3456000,206.93,3547100,244.3,834600,249.9,897800,2837.79,163.70999999999998,299.582,182.65,221.65,1402.4099999999999,360.1,198.63400000000001,251.2,243.766,2859.15
151,1964400,165.7,6848600,295.98,8944800,183.25,4453400,235.0,3507400,1371.32,24601400,382.0,5643300,196.42,12170000,247.44,3268500,245.46,2223100,2846.2,165.30599999999998,297.55,183.4,223.65,1406.318,364.15,201.39000000000001,249.094,247.856,2841.4919999999997
152,2101000,163.2,9598900,295.98,9788400,183.0,17744900,250.0,6783100,1369.55,10063000,382.0,4626700,208.21,19160100,245.42,2751900,242.12,3864600,2808.36,166.502,294.338,183.6,227.05,1396.548,368.95,201.76000000000002,249.31800000000004,248.92399999999998,2846.368
153,2172700,158.97,18223800,291.72,21376600,187.75,12989100,262.5,17412700,1428.17,10841000,363.0,14895000,203.95,72866800,230.2,8037900,239.23,8404900,2682.24,166.502,293.094,184.15,231.85,1390.154,372.75,204.488,248.96000000000004,248.346,2849.058
154,6077600,163.72,12792900,285.0,18137700,183.5,11359000,253.5,11685600,1460.14,24247800,362.5,9398500,197.98,41138600,233.78,8258000,240.12,6821600,2631.79,165.352,293.15999999999997,184.5,239.1,1395.1280000000002,372.55,204.488,243.98999999999995,246.212,2809.54
155,7954300,166.46,9335000,311.05,24121400,184.0,16468800,251.5,9741700,1456.59,11768700,380.0,7731100,200.25,25672400,232.66,3126300,246.57,5694200,2648.61,164.158,291.882,184.4,245.0,1406.852,372.25,202.698,240.22799999999998,243.36599999999999,2761.2760000000003
156,6028200,162.47,10124300,320.89,22722000,180.0,10736000,249.0,7981200,1461.03,16134000,361.0,6502500,197.84,23715200,229.75,2573500,246.79,3938600,2598.16,163.61,295.946,184.3,250.5,1417.154,373.9,201.362,237.9,242.7,2723.44
157,8157000,158.97,14245600,317.94,33265100,191.25,56554200,276.0,8249400,1414.84,201100500,367.0,6168000,193.15,22333600,233.78,3779900,238.12,4390800,2598.16,162.964,300.928,183.65,253.3,1435.096,369.7,201.64600000000002,234.362,242.96599999999998,2673.832
158,8663900,157.96,15611400,321.21,49000500,183.0,41149200,274.5,13507900,1429.94,63650500,356.0,10491000,200.25,15997200,236.24,6658700,239.68,3116200,2602.36,162.118,305.32,185.3,258.5,1444.154,366.7,198.634,232.03400000000002,242.166,2631.792
159,2543900,157.72,18205800,317.45,14734300,180.25,42259200,269.0,6789300,1426.39,36066000,268.5,12309700,209.06,21984800,230.64,1170200,230.34,5138100,2595.63,161.916,311.21799999999996,184.35,260.9,1444.5080000000003,365.3,197.894,233.24200000000002,242.256,2615.816
160,3353200,157.23,9347800,314.66,8392800,176.0,11957400,267.0,3482000,1429.94,28083100,263.75,13300900,207.36,40585800,232.88,1741400,225.44,3592800,2673.83,160.716,317.708,183.7,264.0,1437.758,346.5,200.10999999999999,232.61399999999998,240.3,2608.5840000000003
161,5807900,158.97,7890400,318.59,34336900,169.0,16292700,264.0,7568100,1443.27,31429500,267.5,13338500,204.52,34124700,224.82,3386000,237.67,4719300,2698.21,158.87,318.43,182.1,267.1,1432.4279999999999,323.25,201.53199999999998,232.658,236.07399999999998,2613.628
162,3645700,157.47,18811200,309.74,28828700,170.0,18879400,267.0,9201300,1511.65,58343200,265.0,17337400,203.95,33841800,221.69,10876300,223.89,3904900,2681.4,158.17000000000002,317.96999999999997,179.9,270.1,1428.8760000000002,304.55,202.868,231.67199999999997,234.25,2633.638
163,6490100,160.71,20144900,306.63,9430300,174.5,13306400,271.5,8383300,1472.58,22805300,263.5,12244300,204.23,86302300,220.34,3586600,222.55,4490800,2614.97,157.87,316.33,175.65,268.3,1448.238,284.15,205.02800000000002,229.254,231.404,2650.2859999999996
164,2394500,163.96,31811300,311.71,11305400,170.0,15346000,271.5,13048700,1403.3,27519300,275.5,11334000,205.37,60151900,217.66,11651900,223.22,6378500,2522.48,158.42000000000002,313.41400000000004,173.95,267.7,1456.766,265.65,205.824,226.07399999999998,227.97799999999998,2652.808
165,3060100,164.72,11174000,303.84,11333900,168.5,14171100,260.5,9190300,1438.83,53828700,275.5,7813000,201.96,31299500,218.33,6674600,208.99,3678300,2535.94,159.668,312.26599999999996,171.9,268.2,1452.1480000000001,267.05,205.08599999999996,223.478,226.554,2638.178
166,1106800,163.2,9012800,307.78,20303900,169.0,12849600,255.75,5604900,1467.25,29634200,279.75,3334700,201.96,29333800,221.24,6948300,205.88,3230900,2547.71,161.166,310.102,170.4,266.9,1453.926,269.4,204.00600000000003,220.56799999999998,223.26399999999998,2610.6
167,2209300,162.71,18801600,299.58,5958200,168.25,7031700,262.75,8633800,1432.61,30929200,289.0,6896400,206.08,39890800,221.01,2285300,206.77,4341700,2549.39,162.012,307.93999999999994,170.4,265.25,1458.722,271.85,203.494,219.852,216.906,2580.5
168,5920700,162.22,9677200,290.4,7479000,174.5,2189100,267.0,6276500,1456.59,19225700,288.5,6918500,196.56,25625200,221.91,2378600,215.22,1618500,2560.32,163.06,305.90799999999996,170.05,264.4,1442.914,276.65,203.92000000000002,219.71599999999998,213.48200000000003,2554.0979999999995
169,16304400,167.2,16156500,290.4,6561500,175.0,2611300,273.0,3254600,1458.36,45399500,288.5,9595200,196.56,33998000,220.12,4299900,215.67,4191100,2529.21,163.36200000000002,302.662,170.05,263.5,1439.716,281.65,202.38600000000002,220.03000000000003,212.016,2543.168
170,15248700,176.69,8096000,296.63,20747400,167.75,4295500,269.0,7140800,1445.04,15333600,300.0,500,195.0,66992700,215.86,3884600,222.33,4730000,2498.94,164.01,298.4,171.05,263.8,1450.7279999999998,284.25,200.62399999999997,220.52200000000002,210.506,2544.514
171,6893900,175.2,28687400,305.48,14578000,172.0,4017500,270.0,4256100,1422.84,34454900,298.0,3300,186.25,46395700,224.82,4879500,225.89,5124500,2533.41,166.404,296.95799999999997,170.9,265.5,1451.9699999999998,289.15,199.23200000000003,220.02799999999996,213.17399999999998,2537.1140000000005
172,7955600,172.19,26229800,297.94,5586800,170.5,3159200,273.0,3019700,1425.5,19674000,296.0,62481300,195.5,56177900,231.09,4398200,229.45,5204900,2630.95,168.804,296.498,171.5,268.35,1443.088,292.8,196.09,220.744,217.17600000000002,2534.254
173,4083100,175.69,17592400,280.57,5284300,170.0,17807900,278.0,5797800,1393.53,12697500,283.0,72482900,197.0,36394500,231.76,3769200,229.22,3639800,2603.2,170.7,296.16999999999996,171.95,270.4,1441.666,294.2,193.974,222.76,221.712,2550.5660000000003
174,4477500,173.19,13112500,272.05,18737700,172.25,17097100,285.0,7237100,1417.51,12425700,288.0,94965200,193.0,17370600,230.2,6108900,228.56,4383000,2564.52,173.394,294.204,171.05,272.6,1429.0539999999999,293.1,194.06199999999998,224.73000000000002,224.512,2559.142
175,4666000,175.2,17786900,277.29,16537800,172.5,17759000,292.5,6044600,1399.75,25681500,288.5,68675700,189.75,31586500,234.67,3761500,231.23,7514300,2525.85,174.592,290.534,170.5,275.0,1420.884,293.0,193.35,226.746,227.09,2566.204
176,4345300,172.7,12287800,273.36,5217500,172.0,21121100,279.5,7457900,1412.18,21180200,290.0,21355200,190.0,25389700,235.57,16252600,233.9,19083600,2491.37,174.294,286.666,171.45,279.7,1411.826,290.7,192.3,230.50799999999998,228.86999999999998,2571.5860000000002
177,3630500,169.69,13565900,268.77,16621400,173.0,11858600,268.0,7299900,1410.4,25067000,298.0,35989600,185.0,29855200,229.3,23381800,218.33,7579000,2522.48,173.794,280.242,171.45,281.6,1409.694,289.1,193.05,232.658,230.47200000000004,2563.178
178,6071600,165.7,10736900,266.48,13754100,174.75,10388400,281.0,6793300,1431.72,17837200,298.0,20391800,174.0,15765700,232.88,4449700,211.21,4424000,2556.96,173.294,274.408,171.95,280.6,1406.6740000000002,289.5,190.95,232.3,228.248,2541.4839999999995
179,792800,172.7,20855700,263.69,14539900,175.5,40840900,265.0,4814000,1447.71,23979700,299.0,30540100,177.0,23446400,233.78,4451000,217.89,4772500,2585.54,171.296,271.59000000000003,172.9,281.2,1414.3120000000001,292.5,186.35,232.52399999999997,224.64600000000002,2532.236
180,2714900,171.19,20212000,268.77,18033700,177.0,23625400,260.0,8484300,1451.26,30910000,301.0,64843700,171.0,43001400,239.15,4072300,225.44,4480900,2544.34,171.198,269.918,173.55,277.2,1420.352,294.7,183.15,233.24,222.512,2536.44
181,3596300,170.7,13319600,269.43,9765500,173.5,20105600,260.0,5539500,1453.92,9726900,308.0,34052300,173.0,17068500,236.69,1430300,224.56,9847200,2522.48,170.39600000000002,268.214,174.45,270.7,1430.654,297.2,179.4,234.13600000000002,221.35399999999998,2540.138
182,2428200,171.7,19671800,265.17,14384400,172.5,22282400,252.0,6142700,1455.7,17999100,311.25,44316000,177.0,23094200,233.78,2590100,227.23,7924000,2468.67,169.996,267.428,174.75,266.8,1439.002,300.8,176.0,234.35999999999999,219.48600000000002,2546.3599999999997
183,1912400,168.71,15899900,268.12,7287400,172.5,4901500,250.0,7538400,1455.7,8775800,304.0,18297700,187.0,16329300,240.5,746600,223.89,4683800,2461.94,170.398,266.708,174.65,263.6,1448.0620000000001,303.45,174.4,235.256,221.266,2535.598
184,2547900,169.45,15309000,261.23,10747700,170.5,4964300,250.5,4088800,1398.86,8315700,302.0,52966900,193.5,41006000,238.26,3616500,225.67,4998700,2421.58,171.0,267.03600000000006,174.2,257.4,1452.858,304.65,177.0,236.78000000000003,223.802,2516.594
185,3346900,169.69,18731700,254.84,13013800,169.25,9029000,256.0,7354800,1360.67,10483000,302.0,66819000,186.5,25864300,240.27,2157200,228.56,28669400,2635.99,170.35,266.54400000000004,173.2,254.5,1443.088,305.25,180.3,237.67600000000002,225.358,2483.802
186,1458100,166.7,13639100,250.58,14043300,171.0,9728900,258.75,13801400,1358.0,14019700,293.75,39597600,186.25,21775300,240.05,1268700,229.0,5334900,2644.4,170.05,263.758,171.65,253.7,1424.9699999999998,305.45,183.4,237.9,225.98199999999997,2502.132
187,2342400,166.7,8268500,244.19,5705200,172.75,7786200,258.5,7886100,1385.54,9354600,296.5,26485700,190.0,33277300,242.74,4407200,228.11,3440400,2614.13,169.25,259.98799999999994,171.15,253.45,1405.786,302.6,186.05,238.57199999999997,226.86999999999998,2526.516
188,2772600,164.72,6641800,249.27,8341900,170.5,5488100,256.25,6703600,1357.11,4571800,290.0,31030800,193.0,28546200,236.02,2534900,228.11,4158300,2593.95,168.25,255.792,171.2,254.75,1391.754,299.65,188.65,240.36399999999998,227.046,2555.608
189,10403500,167.46,8782600,248.45,22694200,173.0,8681600,257.5,8148500,1341.13,5974600,292.5,25849900,198.5,25924900,231.99,2591000,226.78,3320000,2595.63,167.452,252.02200000000002,170.8,256.0,1372.0359999999998,296.85,189.85,239.468,227.89000000000001,2582.0099999999998
190,9754500,161.71,9218500,250.09,7267500,173.5,6692200,258.5,9702600,1350.01,13901700,293.5,18681000,197.0,26849400,235.12,1215800,229.0,4769900,2647.77,167.054,249.46599999999998,171.3,257.4,1360.49,294.95,190.85,238.21400000000003,228.11200000000002,2616.8199999999997
191,4988600,162.22,16066800,253.37,16059800,168.75,4661000,248.75,20660100,1473.46,27428300,292.5,28186200,194.25,28785100,237.81,4742400,229.22,4462800,2689.81,165.45800000000003,248.516,172.15,257.9,1358.358,293.25,192.95,237.18400000000003,228.2,2619.1760000000004
192,4151800,159.72,16434900,245.83,10864800,169.0,4748200,249.75,10282400,1443.27,19176900,294.0,28583000,202.0,24310600,232.88,22787200,235.67,3576600,2697.37,164.562,249.074,171.7,255.9,1381.45,293.0,194.55,236.73600000000002,228.244,2628.258
193,2528800,158.72,29103100,235.18,5278900,169.75,9286700,243.5,8479900,1487.67,22599400,310.0,16044000,198.25,14261000,234.23,8902800,229.0,4332300,2657.86,163.166,249.402,170.95,254.15,1392.9959999999999,292.5,196.95,234.76400000000004,229.756,2644.906
194,6620000,159.72,31784300,224.52,8629600,171.0,9376600,244.25,6196500,1474.35,15541100,317.5,15882900,191.5,36222700,231.76,2220200,237.01,3450700,2637.68,161.966,246.584,170.8,251.6,1419.1080000000002,296.5,198.0,234.406,229.93400000000003,2657.6879999999996
195,3193300,160.71,11810900,227.8,21104800,165.75,14925000,242.25,3682300,1489.45,11410400,335.0,16797100,186.0,20137000,231.32,3036600,233.67,2519100,2619.18,160.418,241.798,170.4,248.95,1445.752,301.5,196.6,234.35999999999999,231.98000000000002,2666.098
196,9403100,161.96,23793400,245.17,13313500,165.0,13735300,247.5,5482000,1483.23,13203600,323.0,29952500,185.0,19224300,231.54,7127100,235.98,3811400,2572.93,160.21800000000002,237.34,168.85,245.7,1473.6399999999999,309.8,194.4,233.6,232.914,2660.38
197,3004200,165.21,22485000,241.9,6513800,164.0,3877400,248.0,6456800,1452.15,3570400,322.25,16790900,183.5,10106100,228.4,2782000,235.52,3918700,2623.38,160.166,235.7,168.1,245.45,1475.5939999999998,315.9,192.55,232.346,234.266,2637.004
198,4348800,165.21,16474300,246.65,8468700,161.5,6216900,246.25,24514300,1452.15,11122300,319.0,8413100,183.5,18923900,228.63,1432600,235.98,3677600,2633.47,161.264,234.914,167.1,245.1,1477.3700000000001,321.55,188.85,231.45,234.23600000000002,2622.2059999999997
199,3728100,162.71,90783300,229.93,27540800,158.0,9872300,247.0,27670100,1409.52,8974600,317.0,16965600,188.0,24821800,225.49,3681800,233.67,4983700,2606.56,162.562,237.208,165.45,245.65,1470.266,323.35,185.9,230.33,235.63199999999998,2617.3279999999995
200,10955500,158.72,46380500,178.63,11458700,159.75,16568800,245.5,34442800,1376.65,9329900,312.0,27572400,184.5,28181300,229.75,2520400,234.59,7038800,2689.81,163.16000000000003,238.29000000000002,162.85,246.2,1457.3,323.25,185.2,229.07600000000002,234.964,2611.104
201,8424500,152.72,30343100,178.63,16386200,152.75,24235400,246.0,10444100,1327.8,16145700,312.0,17424900,188.5,30104500,222.81,3781900,225.82,10865000,2661.22,162.762,228.45600000000005,161.65,246.85,1434.7400000000002,318.65,184.9,228.762,235.148,2625.2299999999996
202,4614800,151.99,22331000,157.99,16156700,154.0,20085600,243.5,25123100,1314.48,8078300,314.5,8036100,182.25,21865400,223.48,5628800,219.36,4216700,2707.46,160.91400000000002,215.148,159.2,246.55,1403.654,316.45,185.6,227.016,233.11599999999999,2642.888
203,4133300,152.72,24256600,149.3,10307100,156.0,12256100,243.0,26616200,1351.79,11927200,308.0,13875000,169.25,20067300,222.36,5829100,211.51,5634600,2746.14,158.27,198.366,157.2,245.65,1376.1200000000001,314.9,185.35,226.032,229.88400000000001,2659.704
204,6830800,152.72,24465500,148.81,9935500,153.0,9499000,243.0,10040100,1270.07,10819100,307.75,12483000,174.0,17146500,220.34,3239900,207.81,7032800,2749.51,155.772,178.89600000000002,156.1,245.0,1356.0480000000002,312.7,182.5,224.77799999999996,224.98999999999995,2682.238
205,9609000,148.73,39074200,152.58,14019900,144.75,16448700,237.5,16078000,1176.82,23538000,318.0,16330600,180.75,23494800,222.13,3508000,207.81,6826500,2572.93,153.774,162.67199999999997,155.1,244.2,1328.158,310.85,179.7,223.748,219.81799999999998,2710.828
206,14059900,138.76,43452600,149.46,15179700,150.0,8122400,239.0,8871800,1194.58,12839100,324.5,16882800,184.0,16970400,222.58,6337000,201.81,4632900,2648.61,151.776,157.46200000000002,152.1,242.6,1288.1919999999998,312.05,178.95,222.224,214.462,2687.452
207,5670400,144.74,46290400,140.94,15916700,157.0,14043600,257.0,10210200,1283.4,14736900,325.5,11705900,180.0,23989600,224.82,3772400,200.88,3254300,2688.12,148.984,151.62800000000001,151.55,241.2,1261.548,314.55,178.05,222.17800000000003,209.66,2684.9300000000003
208,4532400,149.74,39239900,145.53,11296500,161.25,18811900,265.0,8784600,1344.68,14246500,327.5,15295600,174.75,46596100,227.96,3190800,209.2,5217600,2732.69,147.534,148.21800000000002,152.15,243.9,1255.3319999999999,316.75,177.6,222.446,205.96400000000003,2681.0620000000004
209,9481300,153.73,20614500,161.59,13165500,159.0,16578700,260.75,10772500,1336.69,8993400,320.0,20087000,173.25,28431000,223.48,2726400,214.74,3106300,2707.46,146.93800000000002,147.464,153.2,248.3,1253.91,320.65,178.7,223.56600000000003,205.502,2678.3720000000003
210,9631900,151.74,18731300,168.8,18626900,162.5,13011300,265.0,7359300,1391.75,21874300,320.0,12181000,168.0,32446600,222.58,3497400,214.74,5247100,2727.64,147.14000000000001,150.02,154.4,251.85,1267.234,323.1,178.55,224.19400000000002,206.888,2669.9620000000004
211,4454800,149.74,15694500,158.81,16149300,162.0,9374400,278.25,9159300,1420.17,13813100,317.5,10314100,152.75,26055000,224.82,3774700,207.12,6774300,2825.18,147.74200000000002,153.26399999999998,157.95,257.35,1310.22,323.5,176.0,224.28400000000002,208.27399999999997,2700.904
212,1542000,147.73,21186700,155.36,10113400,164.25,9193000,265.5,6076300,1414.84,9681400,310.5,17753100,145.0,23574800,226.61,3711900,198.12,5391600,2799.11,149.93800000000002,155.13400000000001,160.35,265.2,1355.3380000000002,322.1,169.75,224.73200000000003,209.33599999999996,2736.218
213,3687600,149.74,17962400,155.69,16969300,162.25,9416000,259.75,6426500,1379.32,15647400,314.0,45366400,147.0,39994200,231.09,11325100,203.19,4063200,2781.46,150.536,158.018,161.8,266.9,1381.626,319.1,162.75,225.08999999999997,208.78400000000002,2758.416
214,6075500,141.75,15001100,160.61,26347000,162.75,12853500,266.0,8154800,1390.86,12337600,328.0,31815700,152.0,23690400,231.99,12207000,187.03,3420800,2801.64,150.536,160.05,162.0,265.85,1388.554,316.4,157.2,225.71599999999998,207.58200000000002,2768.1700000000005
215,9047100,143.74,25199800,154.05,8476000,163.75,6503700,264.5,5565400,1407.74,9312600,322.5,62422400,151.75,36237000,232.88,7321100,181.49,3525100,2842.0,148.14000000000001,159.854,162.75,266.9,1399.388,318.0,152.95,227.41800000000003,202.04000000000002,2787.006
216,2651600,145.5,12732400,154.71,6080500,159.0,5745100,264.25,5951900,1394.42,7193200,322.0,22738300,158.5,25636000,234.67,2500500,182.64,6116300,2825.18,146.54000000000002,156.904,163.0,266.8,1402.5859999999998,318.5,149.7,229.47799999999998,195.39000000000001,2809.8779999999997
217,2969200,143.74,12491500,162.25,9684400,164.0,9945800,269.25,5166400,1398.86,13031000,325.5,16547500,160.0,35147300,241.39,3915900,178.26,5340000,2842.84,145.692,156.084,162.4,264.0,1397.436,319.4,150.85,231.448,190.494,2809.8779999999997
218,9859800,141.75,25218500,162.25,13767600,163.75,8752200,272.0,7550200,1409.52,10648100,321.5,24639500,162.0,51854700,232.21,3972600,178.72,7946700,2879.83,144.894,157.46200000000002,162.35,264.75,1394.24,322.4,153.85,234.404,186.522,2818.6240000000003
219,6221100,144.74,19096000,165.52,10427000,161.0,5480300,269.5,7387100,1434.38,23031500,324.5,15522200,162.0,37784100,231.09,7252800,181.95,6772000,2793.23,143.296,158.774,162.65,267.2,1400.28,323.9,156.85,234.628,181.628,2838.298
220,4092300,151.74,16409800,174.21,19278100,157.0,5231900,270.0,5910000,1434.38,9856900,333.5,16494700,162.0,40231100,224.37,4185800,181.95,6211100,2770.53,143.894,159.756,162.3,267.9,1408.984,323.2,158.85,234.448,180.612,2836.616
221,8919500,150.49,21329800,168.8,10010600,155.5,4946700,270.0,4904700,1405.08,14152800,342.0,16923700,177.0,26866600,231.32,22912800,178.26,4370200,2816.77,145.494,163.788,160.95,269.0,1414.312,325.4,160.9,232.746,180.704,2822.322
222,3813600,150.74,32370100,168.8,15809700,161.0,6641600,276.0,6299100,1466.36,16279200,342.0,31732100,189.25,133080100,228.85,6360000,179.87,4579300,2854.61,146.49200000000002,166.606,160.25,270.15,1416.444,329.4,164.6,232.07600000000002,179.82800000000003,2820.6400000000003
223,6082900,157.23,35689900,163.39,12805600,159.0,16953500,263.5,8115400,1472.58,12904700,354.0,22655600,180.75,94182900,221.46,6881100,183.33,7526100,2724.28,147.892,167.916,159.65,271.5,1429.944,332.7,170.45,229.56799999999998,180.14999999999998,2822.994
224,4584900,157.23,18330100,172.73,23017900,161.25,11135600,259.0,5896300,1469.91,8050900,348.0,23064600,186.0,24244300,222.13,7313900,190.27,4550600,2724.28,150.988,168.144,158.7,269.8,1442.556,339.2,174.2,227.41799999999998,181.072,2791.8840000000005
225,4769800,154.73,25933100,169.46,13163200,160.5,13974000,265.25,4305500,1450.37,11208200,344.0,15022100,178.0,170313100,217.66,2666200,189.8,2080700,2737.73,153.48600000000002,169.586,158.75,267.7,1449.6619999999998,343.9,179.0,225.62600000000003,182.736,2778.094
226,2207400,154.73,18463800,165.52,14276500,163.5,13654000,264.5,4922400,1458.36,6328000,344.75,53038900,175.75,39386600,221.69,4503000,188.88,3126200,2673.83,154.084,168.63600000000002,159.45,266.75,1452.86,346.0,182.2,224.28400000000002,184.30599999999998,2771.534
227,2767300,152.97,17797100,157.17,14294900,163.25,41465200,245.0,8302600,1450.37,6733200,338.0,46310200,180.0,13699600,222.13,6093100,188.88,3243700,2721.76,154.93200000000002,167.98,161.05,265.65,1463.5159999999998,346.55,181.95,222.358,186.43,2742.946
228,37120500,155.73,15913900,160.61,30414600,161.25,27329900,238.75,4843300,1438.83,9637000,337.0,38066500,188.0,21782700,225.05,4060700,186.57,5970400,2744.46,155.378,165.654,161.5,259.45,1460.3179999999998,345.75,180.1,221.01400000000004,188.23200000000003,2716.376
229,45666400,147.69,13795200,156.35,15936800,162.0,20345200,245.75,3470900,1469.02,9307300,336.0,9049300,188.5,30032800,229.3,3319600,188.42,2991200,2775.57,155.078,165.098,161.95,254.5,1453.5679999999998,342.35,181.55,221.73200000000003,188.88000000000002,2720.4120000000003
230,8077800,145.69,11936700,157.99,12175600,164.75,7510900,244.0,3020100,1437.94,9809500,339.0,13362900,185.85,15439700,223.93,3535000,191.65,2143500,2736.05,153.17,161.822,162.1,251.85,1453.3899999999999,339.95,182.05,223.166,188.50999999999996,2730.6699999999996
231,3136600,148.2,9730300,163.39,15829100,164.0,13351800,244.0,2647100,1412.18,7174600,337.5,8776400,183.5,35908800,219.45,2164300,191.18,3167400,2728.48,151.362,159.528,162.95,247.6,1450.904,338.95,183.62,224.42000000000002,188.87999999999997,2730.3340000000003
232,12851100,148.94,22465400,168.31,9713100,165.63,12225900,247.5,6363400,1415.47,17166100,331.0,16671400,181.0,40016800,216.54,26480300,193.72,2641700,2740.26,150.05599999999998,159.102,163.05,243.5,1441.6680000000001,337.5,185.17000000000002,223.97200000000004,189.34,2741.264
233,8958000,150.05,17172000,163.89,9852600,163.0,4958000,241.0,6632900,1384.65,13107600,335.0,39708100,181.0,30433400,215.19,14869500,190.84,3438400,2672.99,149.25,161.33,163.526,244.0,1434.688,336.1,185.37,222.85399999999998,190.308,2744.9640000000004
234,11468100,149.45,14973600,163.89,25730800,160.25,7942500,238.0,9487000,1395.31,16093600,347.5,40985200,182.25,39050800,221.69,4207100,197.42,3919500,2690.65,148.11399999999998,161.986,163.876,244.45,1423.852,335.7,183.97,220.882,191.162,2730.67
235,8169700,151.97,21241700,160.44,19259200,163.0,14359000,246.75,7099000,1418.4,12175200,346.75,21520500,170.0,35642500,220.34,10535800,195.57,5371200,2732.69,148.46599999999998,163.49399999999997,163.526,242.9,1409.11,338.0,182.72,219.35999999999999,192.96200000000002,2713.686
236,3063000,152.72,21611100,160.44,8040100,162.75,12365000,250.0,3660200,1453.04,8085600,346.75,35352400,169.0,17207200,221.24,3640300,200.88,1789400,2757.91,149.722,163.984,163.176,243.45,1405.202,339.55,179.55,218.642,193.746,2713.014
237,11922900,152.72,23073200,158.97,6584100,163.5,13090400,250.0,6523100,1475.24,6681000,349.0,43330700,165.75,28132300,223.93,7564500,201.58,3802600,2795.75,150.626,163.394,162.926,244.65,1413.374,341.4,176.65,219.0,195.68599999999998,2718.9
238,17153400,155.73,33264500,155.03,25148400,163.0,7967400,243.75,5306500,1498.33,5734800,345.25,25394100,164.25,26483600,218.1,2706800,199.03,3263100,2761.28,151.382,161.526,162.5,245.15,1425.328,345.0,173.6,220.478,197.25799999999998,2729.998
239,4094800,155.73,18287300,154.71,7982500,156.25,3210000,236.5,3914900,1431.72,9348400,351.5,12191200,160.0,28157300,210.94,2137500,203.19,2292500,2647.77,152.518,159.754,162.5,245.7,1448.0639999999999,347.05,170.25,221.06,198.89600000000002,2747.656
240,11820300,152.72,12204100,145.37,7469400,156.5,11527300,239.0,5898500,1452.15,9264500,342.0,29677200,160.0,46197000,216.31,2031300,198.81,2976700,2731.85,153.774,157.918,161.7,245.4,1455.346,347.85,165.8,218.91,200.05,2739.0800000000004
241,2776300,156.24,51628400,143.4,26695600,157.0,14615800,239.0,5653900,1452.15,10942800,342.0,34232600,164.75,41159100,223.48,1437300,197.65,4263600,2799.95,153.924,154.904,160.4,243.85,1462.096,346.9,163.8,218.10399999999998,200.698,2738.9120000000003
242,11193800,156.98,44451500,148.81,21237900,156.5,19211200,245.5,4023600,1447.71,10380500,347.0,29785100,170.25,48333100,217.66,5830300,198.81,6290200,2858.81,154.628,151.496,159.25,241.65,1461.9180000000001,345.95,162.95,218.552,200.05199999999996,2747.3200000000006
243,5001500,158.25,14133000,154.05,9654800,157.0,14108600,244.0,5717500,1465.47,24571900,350.0,56772200,181.0,27763600,218.1,4569200,202.27,5234300,2899.17,155.48,149.464,157.85,240.75,1456.412,345.55,163.85,217.298,199.498,2759.932
244,7029600,157.49,19905500,154.71,11154400,157.0,2327200,242.0,3205600,1483.23,14755800,337.0,9142700,173.0,17260600,219.67,3790000,207.58,3122500,2879.83,155.98399999999998,149.26799999999997,156.65,240.8,1449.8400000000001,346.5,167.2,217.298,200.14600000000002,2787.5099999999998
245,13337000,159.76,18289400,157.82,10560200,156.5,16174300,245.0,4098500,1483.23,14811300,321.25,28238500,177.75,29773500,219.9,9639100,209.66,4245600,2885.72,156.336,149.268,156.8,241.9,1460.1420000000003,343.6,169.8,219.044,201.024,2833.9219999999996
246,6591500,159.25,9040600,159.62,12758800,154.25,21718000,249.5,3402100,1465.47,29102300,329.0,11779500,173.5,23394200,218.55,7940000,215.66,3760500,2847.04,157.744,151.75799999999998,156.8,243.1,1466.3579999999997,339.45,173.35,219.762,203.19400000000002,2864.696
247,7946100,156.74,7761200,159.95,9753100,155.0,13725800,250.0,5485900,1483.23,11737000,339.0,11132900,173.5,39203000,216.76,4816700,214.97,3637400,2884.04,158.346,155.002,156.25,245.2,1469.022,336.85,175.1,218.77599999999998,206.796,2874.114
248,6948100,157.49,9601700,157.33,8561100,155.5,11344000,244.0,6541500,1459.25,21970000,351.0,11175300,171.25,15358300,215.86,2740100,209.43,2510900,2842.84,158.298,157.23000000000002,155.95,246.1,1476.1260000000002,335.25,175.75,218.596,210.02799999999996,2879.16
249,5762900,155.73,16403400,157.49,7291300,155.0,10819200,241.0,4931100,1447.71,12017500,353.25,29961800,169.5,40537000,223.93,1693900,205.27,3414300,2822.66,158.14600000000002,157.886,155.65,246.1,1474.882,335.45,173.8,218.148,211.45999999999998,2867.8940000000002
250,10487800,156.98,14042300,157.49,7481500,154.5,22026500,237.0,6702600,1434.38,12323800,353.25,23303400,170.0,66250200,228.4,2182600,206.43,3363000,2789.02,157.794,158.442,155.25,245.9,1467.778,338.7,173.1,219.0,210.998,2856.46
251,5325800,156.49,19551900,154.87,9287700,153.75,9228100,238.25,4606100,1438.83,13039100,361.0,24178100,177.5,23812000,223.03,5133700,208.27,3975800,2795.75,157.238,158.376,154.85,244.3,1458.008,345.1,171.55,220.70000000000005,210.352,2837.12
252,3375100,155.98,18706300,151.1,11433500,151.0,9701900,242.0,5256400,1483.23,11691000,353.5,5889600,175.0,16603300,222.13,4314100,206.89,2873300,2842.0,156.686,157.426,154.75,242.05,1452.68,351.5,172.35,221.596,208.87399999999997,2826.862
253,2383700,154.73,8758500,150.77,14872800,154.0,6543000,245.0,3614000,1499.22,7631700,350.0,7903200,173.5,7444500,224.82,1719600,205.73,2265100,2867.22,156.53400000000002,155.656,153.95,240.45,1452.6799999999998,354.4,172.65,222.67,207.25799999999998,2818.454
254,8329700,157.23,15607100,152.41,6773400,153.75,11040900,250.0,3966600,1507.21,9425300,360.25,17032000,175.25,27976200,227.96,3135300,210.58,2484100,2924.4,155.982,154.344,153.65,240.65,1460.674,354.2,173.1,224.462,206.51799999999997,2823.33
255,9026900,158.74,11226200,151.59,23759200,156.0,10532500,245.0,10434000,1549.85,9463800,361.0,10382600,176.0,45622800,232.44,5847800,210.58,2473900,2938.69,156.282,153.328,153.4,242.45,1472.574,355.6,174.25,225.26799999999997,207.58,2843.678
256,7621900,158.5,12616400,151.43,10868100,158.0,5125400,247.0,7399500,1567.61,8650100,365.0,9148500,170.75,17898500,230.64,2919000,212.89,3004400,2976.53,156.63400000000001,152.148,153.7,244.05,1495.6680000000001,357.15,175.45,226.07600000000002,208.41,2873.612
257,4219400,157.74,9000800,150.77,18418300,158.5,14170700,247.0,6607100,1534.75,7674700,361.0,12345500,167.0,13634500,229.3,2769500,212.43,2506700,2989.14,157.036,151.45999999999998,154.55,245.8,1521.424,357.95,174.1,227.59799999999996,209.334,2909.768
258,6191800,158.5,15370600,153.4,23941500,158.75,11056700,246.0,4441100,1510.77,4992000,361.0,26475100,167.0,26825300,231.76,3047900,211.04,4654900,2937.85,157.388,151.394,156.05,246.8,1531.728,359.45,172.5,229.032,210.442,2939.196
259,7438400,160.25,18743300,152.74,30001400,158.0,24438900,240.0,9060300,1475.24,14791100,359.0,15095900,161.5,27574300,233.11,3118000,210.82,3323300,2913.47,158.142,151.92000000000002,157.0,247.0,1534.038,361.65,171.2,230.42,211.504,2953.322
260,4248600,157.74,11657400,147.5,15346300,157.25,20940200,235.0,4245000,1524.98,9097600,357.5,14785000,158.0,27312000,235.12,1694000,207.81,4849600,2934.49,158.746,151.986,157.85,245.0,1527.6439999999998,361.4,168.45,231.45,211.552,2951.136
261,14793300,158.99,25470100,144.87,16085200,160.5,17024800,226.5,4575800,1549.85,9066000,350.0,14349800,158.75,39461700,237.81,1339700,207.35,5069300,2958.03,158.546,151.168,158.1,243.0,1522.6699999999996,360.7,164.85,231.98600000000002,210.998,2950.296
262,14745100,158.5,18156900,146.51,17047800,159.0,16455700,226.0,18069500,1465.47,7557300,347.0,11025000,155.5,30954400,234.45,2180400,206.43,4754000,2934.49,158.644,149.85600000000002,158.6,238.9,1519.118,357.7,162.45,233.42000000000002,209.88999999999996,2946.596
263,11117700,158.5,99192000,142.41,15801300,155.0,11873100,218.0,5520500,1477.02,9435500,343.5,5842000,153.0,26409700,234.67,1067900,205.97,2630500,2926.92,158.796,149.004,158.7,234.7,1505.2620000000002,354.9,160.15,234.45,208.69,2935.666
264,3742700,159.25,25566800,147.01,16287300,153.5,39320800,211.0,3912800,1482.35,10666100,342.0,12428900,154.25,25575800,238.26,1310100,205.5,2804100,2909.26,158.796,146.80599999999998,157.95,229.1,1498.512,351.4,157.35,235.032,207.67600000000002,2933.48
265,3364600,158.0,34448800,137.33,16172600,156.75,29036900,211.0,5596700,1465.47,17602600,348.0,37928400,148.0,30620600,240.05,3258700,205.97,5673800,2917.67,158.596,145.66,157.05,223.3,1499.934,348.0,155.9,236.06199999999998,206.612,2932.638
266,4296300,160.5,13689700,132.42,14339400,157.0,17150400,221.75,5356500,1447.71,6885100,351.0,41103600,141.5,16417900,234.23,4554100,203.66,3974300,2879.83,158.648,143.626,156.95,218.5,1488.0320000000002,346.1,153.9,237.048,206.244,2929.2740000000003
267,2665600,157.49,21641700,132.42,21167400,159.0,18368500,228.5,4800100,1509.88,6770500,349.0,24741400,142.5,17145500,236.47,2977600,194.88,5555500,2888.24,158.95,141.136,156.25,217.55,1467.604,346.3,150.45,236.33200000000002,205.506,2913.634
268,4110400,159.5,13612300,133.24,18478200,157.5,8994500,228.0,6525700,1501.0,6756800,344.5,32054500,144.0,17898300,235.57,3419700,197.65,4723600,2884.04,158.748,138.31799999999998,156.25,218.05,1476.486,346.7,147.85,236.73600000000002,203.196,2904.384
269,7153300,158.5,32163300,130.45,14268600,155.0,5080400,223.0,8314700,1444.15,15472900,344.75,20737700,151.0,34273100,237.36,3068700,195.92,3960700,2818.45,158.948,136.48399999999998,156.75,220.05,1481.282,346.9,146.05,236.916,201.53199999999998,2895.808
270,3871000,156.74,48812600,132.09,11327200,156.0,4825900,226.75,9061900,1485.9,18488600,345.0,12524400,149.25,24493700,239.15,4297400,192.11,9725800,2791.55,158.798,133.17199999999997,157.05,222.45,1473.6420000000003,347.45,145.4,236.73599999999996,199.61599999999999,2877.6459999999997
271,2435300,160.75,28953600,126.52,19180700,161.0,23538600,232.5,7549800,1463.69,8710400,348.0,14468700,150.5,26141400,235.79,2595700,191.65,7244500,2800.8,158.546,132.124,156.9,225.6,1477.7279999999998,346.85,145.65,236.55599999999998,196.844,2852.422
272,3839300,162.01,14576000,122.42,23475900,161.25,16559100,233.0,8649900,1391.75,10370100,336.0,17577600,153.25,20103400,229.75,10594200,195.11,4335800,2785.66,158.596,130.944,157.7,227.75,1480.9240000000002,346.25,147.45,236.868,194.44199999999998,2836.6159999999995
273,4730600,163.77,17310200,134.06,20395700,165.0,6870700,232.75,6537900,1438.83,6719700,337.0,14867400,153.0,21743400,230.2,3301000,192.57,4414000,2757.91,159.5,128.944,158.15,228.65,1457.298,343.65,149.6,235.52399999999997,194.488,2816.1
274,8650500,164.78,9452700,137.09,14152800,160.5,5626000,233.75,5517500,1437.94,8520000,340.5,13941600,142.5,16325800,226.61,2876000,194.19,3100400,2763.8,160.35399999999998,129.108,159.65,229.6,1444.864,342.15,151.4,234.45,193.47199999999998,2790.874
275,2262200,162.26,22695800,136.68,7672500,160.5,10181100,231.5,2692900,1421.06,2709500,336.5,13920200,143.0,10829100,226.17,2354700,189.11,1803000,2758.75,161.60999999999999,130.436,160.75,231.75,1443.622,341.3,149.7,232.3,193.12600000000003,2779.9440000000004
276,6938000,164.53,39408500,133.98,8223100,162.25,7769600,233.75,7462700,1428.17,4160100,343.5,12819000,144.75,22092400,227.51,2509400,187.72,2545000,2762.12,162.714,131.35399999999998,161.65,232.7,1430.654,339.6,148.45,229.704,192.526,2773.3839999999996
277,19585900,161.52,15671300,126.85,36251900,164.5,8434600,232.0,12862200,1335.8,9025500,340.75,19326800,143.0,45287700,233.33,2994600,186.68,2480500,2770.53,163.46999999999997,132.846,161.9,232.95,1423.55,338.7,147.3,228.04799999999994,191.74,2765.6479999999997
278,4476500,159.25,8296900,125.21,10590900,161.25,5196200,229.0,11385300,1363.33,15990200,339.5,9783400,141.5,17490800,228.4,3677900,185.18,2152800,2766.32,163.372,133.732,162.55,232.75,1412.3600000000001,339.65,145.25,228.76399999999998,190.054,2762.622
279,4049400,158.5,10800100,122.26,8587800,161.75,4709300,231.0,7051600,1384.65,17703800,349.0,11536300,143.75,17052100,226.61,8760300,187.49,2238400,2789.02,162.468,131.96200000000002,161.8,232.0,1397.26,340.15,142.95,228.404,188.57600000000002,2764.304
280,11942100,157.49,8102000,122.75,10278700,157.0,8076700,230.0,10703700,1350.9,20101300,352.25,9195500,143.75,14029600,227.28,2479700,191.65,4325300,2783.14,161.212,128.996,162.05,231.45,1386.602,341.85,143.2,228.404,187.23600000000002,2769.348
281,6412400,154.48,14704500,123.9,22530500,163.0,7514100,231.0,11003200,1367.77,10178400,358.0,20471000,142.5,22717300,228.4,2071200,189.8,3634100,2811.73,160.25799999999998,126.21,161.35,231.15,1372.5700000000002,345.0,143.35,228.62600000000003,187.74399999999997,2774.2259999999997
282,3911200,153.48,4786100,121.27,4988300,162.25,6370600,229.0,5019000,1352.67,12025200,366.75,5914300,140.0,27503200,221.69,1357400,194.19,2526700,2820.98,158.248,124.194,161.5,230.6,1360.4900000000002,347.9,142.9,228.804,188.16,2784.148
283,5296700,155.24,17325900,121.27,6375500,164.25,26539400,227.5,25265000,1314.48,38651800,366.75,13585600,141.5,38570300,218.55,1939300,196.27,3348200,2821.82,156.64000000000001,123.078,161.05,230.0,1363.864,353.1,142.3,226.47599999999997,189.66200000000003,2794.238
284,7646300,155.73,27700600,122.09,10188100,165.0,30132300,237.5,45828600,1340.24,13509500,373.0,9569400,140.75,30975800,221.69,6687300,198.12,6840900,2905.06,155.83800000000002,122.28999999999999,161.65,229.7,1354.0939999999998,358.55,142.3,224.506,191.88000000000002,2805.3379999999997
285,6461800,154.22,13377000,119.64,9605200,163.75,9581300,228.5,6952500,1374.88,15069100,373.0,8838300,141.0,15121400,220.12,2840900,196.27,5432700,2919.35,155.28400000000002,122.256,162.3,231.0,1345.212,363.35,141.7,223.52200000000002,194.00600000000003,2828.546
286,3915500,155.73,11873700,117.34,11370100,161.0,10245500,235.25,9701800,1367.77,10581500,372.0,22780100,140.25,22174700,219.0,1029600,198.34,5691300,2947.1,154.63,121.63399999999999,163.65,230.7,1350.008,367.5,141.15,222.09000000000006,194.93,2855.788
287,11087900,151.97,15555500,116.36,10046800,160.5,5767000,238.0,13402200,1401.52,9879700,368.0,7446400,138.0,17272100,219.22,4146700,196.27,5289100,2858.81,154.88000000000002,120.322,163.25,231.55,1350.0080000000003,370.3,140.7,220.21000000000004,196.638,2882.862
288,11267100,152.72,39133300,114.39,20787600,159.0,4578900,234.0,10243700,1385.54,16490200,358.0,7961400,138.5,26187600,217.66,5389600,191.53,5774900,2799.95,154.57800000000003,119.34,162.9,233.35,1359.7780000000002,370.55,140.3,219.71599999999998,197.054,2890.428
289,8165900,153.22,20665500,114.72,21211300,164.0,11478900,230.0,11684800,1350.9,10161000,365.75,23838500,143.0,41029400,216.31,8028900,189.34,6522500,2745.3,154.074,117.96400000000001,161.85,234.65,1373.99,368.8,139.7,219.538,196.106,2886.054
290,4436900,149.7,25158100,111.8,37241000,165.5,7511300,226.75,8738400,1319.81,7164200,354.0,12104200,155.0,49682000,213.18,8082800,179.87,4403000,2826.02,153.572,116.49000000000001,161.65,233.15,1376.122,367.35,140.15,218.462,194.35,2854.102
291,12725000,149.7,26455200,111.44,16758700,168.5,5865400,230.0,6581100,1376.65,10468300,357.0,19181500,157.5,33747000,214.97,5192000,192.34,2723100,2884.04,152.66799999999998,114.92199999999998,162.0,232.8,1365.1079999999997,363.55,142.95,217.074,191.07,2835.436
292,6190500,150.7,9953500,104.89,14595900,167.5,8709900,225.0,4522700,1390.86,6540700,360.25,16851600,164.0,14137500,214.97,2875500,195.34,1837100,2884.04,151.462,113.742,163.5,231.75,1366.884,360.55,146.4,216.26800000000003,189.87,2822.8240000000005
293,16073800,149.7,7559300,113.25,10224000,168.0,6377100,229.25,9100400,1421.06,9029600,363.5,11521500,170.0,46008200,224.82,1102300,199.5,2971700,2929.44,151.208,111.44800000000001,164.9,229.15,1364.752,359.0,151.6,215.41800000000003,189.68400000000003,2827.8700000000003
294,6758800,150.7,14046900,114.88,17876300,167.5,3464700,225.75,4468000,1451.26,6457200,369.0,15648800,156.5,35270900,229.3,3850100,200.42,3291400,2926.08,150.60399999999998,111.21999999999998,166.7,228.2,1371.8560000000002,360.1,157.9,216.85,191.27800000000002,2853.7680000000005
295,6414800,151.46,24436400,113.9,12318400,169.0,18189600,229.0,11847800,1480.57,7961000,374.25,25836200,159.0,43188200,228.4,5465800,205.97,4464300,2947.1,150.1,111.252,167.4,227.35,1391.9279999999999,360.75,160.6,219.448,193.494,2889.924
296,6308300,152.46,11098300,115.87,9694100,171.25,7161900,231.25,7686700,1502.77,8200000,377.75,28362500,161.5,19184000,224.37,3277300,205.5,2793700,2934.49,150.452,111.672,168.1,227.8,1424.08,364.8,161.4,222.49200000000002,198.714,2914.1400000000003
297,1753200,150.47,16101500,118.41,6665700,169.75,5226900,227.0,6797500,1456.59,7241400,384.75,11561400,159.0,22932300,221.69,1441600,203.19,2534900,2931.12,151.004,112.55799999999999,168.65,228.05,1449.304,368.95,162.2,224.37199999999999,201.346,2924.23
298,4225200,150.7,11185500,117.67,17624200,167.25,5752100,221.0,9446900,1496.56,13441100,379.0,14389200,153.75,28949000,225.72,2234700,202.27,3327700,2952.99,150.95800000000003,115.26199999999999,169.1,228.45,1462.45,373.85,161.2,225.71599999999998,202.916,2933.6459999999997
299,5743500,150.47,11997000,115.46,15691600,167.0,12003200,224.25,10500600,1514.32,11708900,377.0,16040900,154.0,22036500,226.39,3155300,199.03,5845100,2907.58,151.158,116.14599999999999,168.95,226.8,1477.55,376.95,157.95,225.89600000000002,203.46999999999997,2938.356
300,3552600,147.94,11691300,115.05,9187300,164.5,6463600,221.75,11691700,1518.76,19638000,371.0,15532700,156.0,16471900,226.84,2713900,197.88,4154800,2849.56,151.112,116.26200000000001,168.85,226.5,1490.1619999999998,378.55,157.45,225.31400000000002,203.192,2934.656
301,2691300,146.18,12308400,114.72,9150700,165.0,5699700,226.5,5443200,1509.88,5665100,360.25,5419100,159.0,30557300,226.39,1208500,197.19,4692700,2858.81,150.408,116.49199999999999,167.95,225.05,1497.8,377.9,156.85,225.002,201.574,2915.1479999999997
302,1468700,147.44,5603400,109.8,4724000,167.5,4110200,224.5,7375400,1525.87,12055300,354.0,6573100,153.75,21213100,228.63,1250600,199.15,3427900,2791.55,149.152,116.26199999999999,166.7,224.1,1499.222,374.4,156.35,225.406,199.91199999999998,2900.0119999999997
303,7711000,144.17,10817000,109.8,19789600,165.75,11535200,223.0,10725300,1555.17,13919200,356.0,9066900,155.5,21886600,231.99,1413100,200.42,2910900,2820.98,148.546,114.53999999999999,166.25,223.6,1513.078,368.25,155.3,226.794,199.104,2872.0979999999995
304,2893800,146.69,8307600,108.98,8671500,164.75,9735300,222.5,8120200,1546.29,17040000,351.0,6044800,154.0,25628200,231.99,856700,200.88,2723000,2825.18,147.23999999999998,112.96600000000001,165.95,224.0,1524.8,363.65,155.65,228.048,198.73399999999998,2845.696
305,2681200,144.68,19268800,111.44,8215600,164.25,10226800,220.0,11247400,1564.94,16074800,339.0,7676900,155.5,38006000,228.4,2949400,199.48,3968800,2751.19,146.484,111.67,165.5,223.65,1531.194,358.45,155.65,229.16800000000003,199.10399999999998,2829.216
306,3826100,143.68,22417100,109.15,10747100,160.5,6975500,222.25,6771900,1567.61,6919000,333.5,6042000,160.0,27056200,229.52,1665500,196.32,4252100,2700.74,145.83200000000002,110.94800000000001,165.45,223.3,1540.4299999999998,352.05,155.55,229.48000000000002,199.424,2809.5420000000004
307,2615400,143.17,18474300,105.87,6810400,162.0,4646600,221.0,7563200,1564.06,4424700,337.0,4122200,155.25,14498800,229.52,1325100,198.19,2748200,2699.06,145.33200000000002,109.83399999999999,164.55,222.45,1551.976,346.7,155.75,230.106,199.25,2777.9280000000003
308,7416000,142.67,12227700,105.63,15295600,166.0,2305300,223.0,7626300,1569.39,6378100,332.5,4303000,159.0,9290900,233.78,732400,197.96,4407000,2798.27,144.478,109.048,163.45,221.75,1559.614,343.3,156.05,230.28400000000002,199.058,2759.43
309,6319800,141.16,8005600,105.54,14601700,168.5,6255000,222.5,8071800,1582.71,12517600,335.0,6804000,166.25,21175900,229.97,1979500,201.12,3417900,2787.34,144.178,108.21400000000001,163.5,221.75,1562.458,338.6,156.75,230.642,198.56600000000003,2754.888
310,6331000,140.67,12343000,106.53,11110000,168.25,6227500,223.5,9902400,1560.5,7691000,337.0,8796900,166.25,23695000,231.09,905000,201.47,5112500,2747.82,143.07199999999997,107.526,164.25,221.75,1569.7420000000002,335.4,159.2,230.238,198.614,2747.32
311,5343400,140.16,25389100,104.89,9565400,172.0,4316700,223.0,5662700,1573.83,10031300,343.75,5039400,167.0,15804400,232.88,2499600,198.19,6335700,2749.51,142.26999999999998,106.54400000000001,165.05,222.45,1568.854,335.0,161.35,230.776,199.012,2746.6459999999997
312,3820100,143.43,26004800,110.46,9470500,171.5,7676500,228.25,7106100,1576.49,6832200,352.5,4839900,155.0,40049900,231.76,2685700,203.81,5002700,2789.02,141.56599999999997,105.69200000000001,167.35,222.6,1570.098,337.05,162.75,231.448,199.38600000000002,2756.4
313,2632900,142.17,23775100,110.46,15871100,175.0,6573400,230.0,4931300,1576.49,5223200,352.5,5412000,149.0,36454200,231.76,2093400,206.39,2780700,2787.34,141.618,106.61000000000001,169.25,224.05,1572.584,340.15,162.7,231.89600000000002,200.51,2774.3920000000003
314,4285400,141.16,29412400,111.28,22291200,169.25,5726500,223.5,6846500,1516.98,10061100,348.0,10995600,145.0,30808700,228.63,1963600,205.68,5886600,2745.3,141.518,107.576,171.05,225.45,1574.004,344.15,160.7,231.49200000000002,202.19599999999997,2772.206
315,4669600,138.65,22803300,108.82,11719800,168.0,9072800,221.5,6866500,1527.64,13099700,340.5,30605200,142.75,49642900,233.33,1993400,202.87,4628300,2797.43,141.51799999999997,108.724,171.2,225.65,1560.8579999999997,346.75,156.45,231.224,203.108,2763.7980000000002
316,4973700,138.91,16747800,107.35,9674600,170.25,7067100,221.0,2920500,1507.21,4279100,326.0,25120600,139.0,21819600,234.23,2253900,201.47,1967100,2779.78,141.11399999999998,109.18200000000002,171.15,225.25,1554.2859999999998,347.45,151.75,231.67199999999997,203.38799999999998,2773.7200000000003
317,26006000,137.15,24838600,108.82,14750600,166.0,5772400,220.0,5761200,1527.64,6463500,330.0,22353900,138.0,34769100,237.81,1827800,197.61,4312400,2752.03,140.86399999999998,109.674,170.8,224.85,1540.962,343.9,146.15,231.942,204.044,2779.7740000000003
318,9510800,136.64,31612200,109.47,18139600,166.0,37869300,202.75,6187200,1521.42,4741800,331.0,15887500,130.5,34111800,233.78,2626600,203.34,4213600,2719.24,139.608,109.346,169.7,223.2,1531.1920000000002,339.4,142.75,233.152,202.80400000000003,2772.376
319,7326200,133.38,12841300,112.1,18656400,161.0,12727000,200.0,10321000,1490.34,12675200,331.0,11611900,126.0,31950400,227.06,858000,201.24,4909700,2649.45,138.502,109.148,167.9,217.75,1520.178,335.1,139.05,233.55599999999998,202.19400000000002,2758.7560000000003
320,4726700,131.12,15269100,111.61,20177600,154.25,11706500,196.25,10446100,1415.73,7462300,324.5,22574500,113.0,26465000,225.49,1595500,198.78,5760100,2638.52,136.946,109.31200000000001,166.25,213.05,1514.8500000000001,331.7,135.25,233.24200000000002,201.306,2739.5860000000002
321,7536600,127.6,16746400,109.15,14754700,151.5,5074100,195.0,7906500,1410.4,10501700,310.25,11589000,113.0,22069800,219.45,3086200,197.72,5828000,2608.25,135.44,109.87,163.5,208.0,1492.468,328.5,129.3,231.67399999999998,200.488,2707.804
322,17682700,127.86,11255800,104.07,21551700,142.25,4722500,172.0,9667300,1301.16,11697600,308.25,21938400,109.25,30332800,206.01,5413000,195.38,6508400,2464.46,133.178,110.22999999999999,159.75,202.8,1473.1060000000002,325.35,124.1,228.71800000000002,199.738,2673.498
323,19253200,120.06,13499300,105.54,26025100,144.0,6074200,182.25,12446900,1310.04,27759400,310.5,20096100,101.5,26555800,221.01,1531000,176.17,5012400,2661.22,131.32,109.28000000000002,155.0,193.2,1427.81,321.0,118.35,222.358,199.292,2615.9839999999995
324,10706600,113.78,8323600,95.05,30013700,143.0,10418100,188.5,10924400,1381.09,37202900,325.0,23847700,102.0,28669700,224.82,4814800,173.36,6760300,2684.76,128.004,108.494,150.6,189.1,1385.5339999999999,316.9,112.55,219.804,193.858,2604.38
325,11238700,116.79,14001100,98.99,27449000,137.0,19556200,174.25,10860000,1325.14,26743500,310.0,20025800,91.5,31787900,230.2,5266300,171.25,4566500,2544.34,124.08400000000002,105.08399999999999,147.0,186.8,1363.684,315.7,107.75,219.356,188.28199999999998,2611.442
326,4499300,111.02,10814500,100.95,29589800,145.0,15791700,160.0,7171400,1389.98,21231800,348.75,29359000,97.5,39279200,226.17,6601900,163.63,5719600,2636.83,121.21799999999999,102.55999999999999,143.55,182.4,1345.5660000000003,312.8,103.45,220.298,182.776,2592.606
327,3886300,112.53,23335100,97.68,16886600,137.0,25594700,160.0,11970400,1314.48,19838200,344.0,92293000,97.0,42325500,222.13,3810500,159.3,4381100,2614.97,117.90200000000002,100.92,142.25,175.4,1341.482,320.5,100.35,221.642,175.958,2598.322
328,4729400,109.26,63558200,100.13,11272500,135.0,22770300,164.5,15581500,1243.43,41969500,356.5,45082000,102.0,36270600,223.93,5111800,156.02,5543200,2611.61,114.83599999999998,99.642,141.2,173.0,1344.146,327.65,97.9,224.86599999999999,168.74200000000002,2628.424
329,20877000,107.25,41317400,102.59,24612700,128.0,25670100,165.75,19746900,1132.41,33130500,352.0,26623900,103.0,44250000,214.97,5576000,156.49,6694000,2556.11,112.676,98.56,139.4,169.45,1330.824,336.85,98.0,225.45,164.712,2618.502
330,16488200,99.72,18541900,90.14,36031900,135.0,20147100,170.5,22927600,1115.53,26284500,318.0,48132200,103.75,57883700,213.4,7139700,142.91,12857500,2449.33,111.37,100.06800000000001,136.4,164.9,1281.088,342.25,98.2,223.48000000000002,161.33800000000002,2592.772
331,3684600,99.97,11424500,85.79,25144700,134.75,10460100,171.5,13357700,1207.9,12393800,305.0,16544100,100.0,34731000,219.45,4874700,133.18,5340000,2522.48,107.95599999999999,98.298,136.0,164.15,1239.166,343.85,100.65,220.12000000000003,155.67000000000002,2573.77
332,6851100,103.49,13809400,82.93,36183100,144.75,7031100,168.0,13554100,1274.52,20374200,300.0,20387400,95.0,29001300,223.03,4516200,138.21,6114200,2501.46,105.74600000000001,95.26599999999999,133.95,166.45,1202.75,335.1,101.15,218.77599999999998,149.58,2550.9
333,11723900,104.74,11951700,88.5,41434800,138.0,9856300,171.5,9669000,1315.37,34428200,317.5,19638800,95.0,34850500,219.45,3789900,145.24,7456100,2484.64,103.93800000000002,92.316,135.5,168.05,1194.7580000000003,326.3,100.75,218.956,145.362,2528.1980000000003
334,4049500,108.52,17600400,90.47,17637300,140.0,11637300,172.0,10737900,1328.69,22957900,325.5,31180700,96.0,46544800,224.82,3684100,142.91,6355000,2606.56,103.03399999999999,89.99000000000001,136.1,169.45,1209.1460000000002,318.5,99.35,218.06,143.206,2502.804
335,6429100,107.5,9638700,87.84,35598200,141.25,9630500,185.5,7238300,1310.04,10373700,329.0,16271600,98.5,45409800,229.75,2339900,136.11,4066100,2619.18,103.28800000000001,87.566,138.5,170.7,1248.402,313.2,97.95,220.02999999999997,140.49,2512.894
336,4096700,112.53,15155200,87.84,16461500,148.5,6947600,187.0,9305900,1299.38,13713300,329.0,9836200,110.0,33393100,232.88,6389400,135.88,6015800,2678.03,104.84400000000001,87.10600000000002,139.75,173.7,1287.3039999999999,315.4,96.9,223.3,139.13,2546.864
337,6394000,112.02,13431100,90.47,20359600,150.0,17993900,179.5,11281300,1323.36,10852500,332.0,11932800,114.0,39067500,232.88,14345900,134.23,6811900,2682.24,107.356,87.516,142.5,176.8,1305.6,320.2,98.9,225.98599999999996,139.67000000000002,2577.974
338,5841100,110.51,13865900,87.19,27714400,158.25,17210300,191.75,12531100,1376.65,15861100,330.75,17816100,116.5,49016400,232.88,7839300,134.47,8345300,2635.99,109.06199999999998,89.024,143.55,179.1,1315.368,326.6,102.7,227.956,138.874,2614.13
339,7557600,113.04,7609200,87.84,31786700,158.0,5784800,194.0,8236600,1412.18,15379400,323.0,18110700,121.0,34773700,229.3,6927800,137.4,5078900,2669.63,110.21599999999998,88.762,147.6,183.15,1327.6240000000003,329.25,107.0,230.642,136.72,2644.4
340,3808600,112.53,11235100,94.4,8799000,157.5,4854700,192.5,6453700,1372.21,8038900,319.25,14989200,123.0,43264600,226.17,10231800,139.62,3770600,2657.01,111.12,88.23599999999999,151.2,187.55,1344.3220000000001,328.75,112.0,231.538,135.618,2657.014
341,7918000,109.52,13207800,94.81,15011500,148.25,4122900,199.0,10250900,1376.65,24370300,320.0,11906200,126.0,34449800,222.13,13903300,144.31,4605000,2618.34,112.126,89.548,154.45,188.95,1356.7559999999999,326.8,116.9,230.82200000000003,136.32,2664.58
342,12114200,108.01,17797700,93.41,13023300,156.0,6653800,201.0,10576700,1447.71,24361800,324.0,15914000,122.0,29229700,219.0,7159300,154.97,4096600,2688.97,111.524,90.942,154.4,191.35,1372.2100000000003,325.0,120.1,228.67199999999997,138.006,2652.642
343,14956500,108.26,20089100,93.33,16320000,158.0,11935600,206.5,14312100,1471.69,20278900,310.0,18096800,116.0,45749900,222.13,6552300,157.9,8551400,2686.44,110.72200000000001,91.53,155.6,195.65,1397.0800000000002,323.4,121.7,225.89600000000002,142.154,2653.9880000000003
344,7383200,112.02,13654900,96.37,14777700,151.5,5788700,203.25,8478100,1447.71,20967500,330.0,9187600,116.0,21490600,223.03,3895500,159.3,3959100,2694.01,110.272,92.75800000000001,155.55,198.6,1416.0880000000002,319.25,121.6,223.746,146.83999999999997,2664.0780000000004
345,2886600,109.52,8310900,93.09,5951100,150.25,3488300,194.25,5388700,1415.73,7266900,332.0,11065800,128.5,12842800,217.66,2200200,156.49,1911000,2664.58,110.06800000000001,94.464,154.25,200.45,1423.194,320.65,120.6,222.49200000000002,151.21999999999997,2668.954
346,10958200,109.26,24746600,94.48,18309200,153.0,9162800,200.0,7951700,1461.03,12089200,316.0,15114500,127.5,24171000,218.55,4617000,154.15,3457400,2730.17,109.46600000000001,94.202,152.8,200.8,1431.898,323.2,121.7,220.79000000000002,154.594,2670.468
347,12644600,113.78,20616700,94.48,9910700,154.75,4262100,197.5,9212000,1490.34,10563000,316.0,10696400,135.0,12520300,219.9,3177400,158.83,4539600,2752.87,109.41400000000002,94.13600000000001,153.75,201.0,1448.774,322.4,122.0,220.07399999999998,156.562,2692.834
348,11873500,112.53,8717300,104.23,10353500,150.0,3626000,191.25,9755900,1416.62,12131000,325.0,20137000,138.0,19582000,217.88,2249100,158.83,6198400,2719.24,110.56800000000001,94.35,153.5,200.3,1457.3,320.8,124.6,220.254,157.334,2705.614
349,12395100,108.75,19404700,98.33,8080600,150.75,4452200,193.25,4871000,1429.06,10456800,327.5,12026500,128.0,12889700,218.33,3711300,152.74,2558300,2728.48,111.422,96.53,151.9,197.25,1446.286,323.8,129.0,219.404,157.52000000000004,2712.174
350,6648200,108.01,27559300,99.97,15351900,156.5,13793000,191.0,9144700,1495.67,9717900,328.0,32624100,127.0,20512100,218.55,8318600,147.47,4134300,2741.1,110.768,96.922,151.75,195.25,1442.556,323.3,131.4,218.464,156.20800000000003,2719.068
351,53065200,110.51,30289500,103.9,8069800,156.25,16185600,201.5,15381000,1518.76,7182900,330.0,43258600,127.0,26331900,216.76,6202800,152.27,5282700,2707.46,110.46600000000001,98.298,153.0,194.6,1458.5439999999999,322.5,131.1,218.642,154.40400000000002,2734.372
352,54906200,110.77,18588800,112.26,10896400,150.0,22248500,208.25,6560500,1480.57,7782500,331.5,25314200,130.0,28652000,214.97,7745800,156.61,4198100,2626.74,110.71600000000001,100.18199999999999,153.65,194.9,1470.0900000000001,325.3,131.0,218.28400000000002,154.028,2729.8300000000004
353,7281800,111.28,13206200,102.84,9796400,155.0,19170700,214.0,5454900,1479.68,17430600,330.75,13615300,130.25,18181800,215.86,4384500,159.77,3772800,2560.32,110.114,103.73799999999999,152.7,197.05,1468.136,328.4,130.0,217.298,153.584,2704.604
354,8277800,111.28,10970200,102.84,13816200,147.75,9633600,211.5,6621400,1449.48,14221200,330.75,12555500,133.0,29271500,218.1,6102600,162.12,3968200,2583.02,109.86399999999999,103.46000000000001,153.7,201.6,1480.748,329.55,128.45,216.894,153.772,2672.8199999999997
355,9144200,110.02,9335700,103.57,17168500,151.0,27832300,211.0,7571200,1461.03,11888500,350.0,10336000,134.75,25812800,217.21,5781500,154.85,3963500,2607.41,110.37,104.36200000000001,153.1,205.25,1484.8319999999999,330.2,129.45,216.848,155.648,2643.728
356,1852800,109.01,9388000,102.27,9296600,150.5,13523500,204.0,5192400,1452.15,6055000,338.0,17250300,138.0,28960300,219.9,12008500,151.8,3939000,2674.67,110.772,105.08200000000002,152.0,209.25,1477.904,334.6,131.0,216.58,157.124,2616.9900000000002
357,4922400,108.75,6145100,101.94,16988700,156.0,8432400,207.5,5287300,1494.78,12390800,334.0,7180500,141.0,31292900,220.79,4110400,169.61,4222000,2700.74,110.47200000000001,104.75600000000001,150.85,209.75,1464.5819999999999,336.2,133.2,217.20800000000003,157.03000000000003,2610.432
358,9705700,111.28,8710500,100.71,12626900,157.0,7642800,212.5,8868000,1525.87,7062700,336.5,11827000,141.0,25500400,220.34,3948600,163.17,5215100,2762.12,110.06799999999998,102.69200000000001,152.05,209.6,1467.424,336.7,135.4,218.372,159.63,2625.232
359,9940800,113.04,14199100,100.95,16486300,159.0,9951700,208.0,9337600,1545.41,11921300,342.75,14340300,155.5,34065200,220.34,9391600,165.86,4514500,2723.44,110.06800000000001,102.26599999999999,152.45,209.3,1476.6619999999998,337.85,137.55,219.26799999999997,160.31,2665.5919999999996
360,14688800,113.04,11966800,104.89,15293400,161.75,9434000,210.0,9475500,1508.1,11254000,351.75,36465000,152.0,31972000,214.97,3811800,171.48,3534200,2723.44,110.41999999999999,101.88799999999999,154.7,208.6,1495.848,340.25,142.05,219.71599999999998,161.058,2693.676
361,40861000,110.51,24948200,108.49,32858300,166.0,11705100,215.0,13791700,1522.31,9952400,358.75,15632900,147.0,52072800,219.45,6851500,175.7,4300500,2732.69,111.024,102.15199999999999,156.85,208.4,1505.262,340.6,145.5,219.26799999999997,164.38400000000001,2716.882
362,7628700,107.5,10360200,106.53,10421500,163.0,6607200,212.0,9517600,1483.23,6570000,354.5,41866500,150.25,20277700,221.24,4984700,185.3,3229400,2736.05,111.324,103.39599999999999,159.95,210.6,1519.2939999999999,344.75,147.3,219.17800000000003,169.164,2728.486
363,8811100,106.5,12318400,114.15,9070000,157.25,7373800,213.0,8494900,1427.28,11692000,349.0,10141600,156.0,21523200,217.66,3828900,179.21,3957800,2678.88,111.074,104.31400000000001,161.35,211.5,1516.9839999999997,348.85,149.15,219.26799999999997,172.302,2735.5480000000002
364,5562000,102.73,24054500,108.17,7642500,162.0,22230200,220.0,8179600,1485.01,16248200,338.0,10118000,154.5,24782300,218.1,6248000,170.55,2130400,2699.06,110.11800000000001,107.002,161.4,211.6,1497.2659999999998,351.35,152.15,218.73200000000003,175.51,2718.9
365,6673500,106.5,49031300,107.84,15768300,158.5,23260500,236.0,9677900,1426.39,20683000,333.0,14813300,150.0,25623200,215.19,2963100,180.39,3411700,2694.85,108.056,108.44599999999998,162.0,214.0,1485.186,350.4,151.95,218.28399999999996,176.448,2714.0240000000003
366,11956800,106.0,37815300,113.41,25232600,156.0,13621200,238.5,8719400,1454.81,19693600,325.0,33858200,154.5,65430100,216.31,3923300,183.2,4613400,2669.63,106.748,109.03599999999999,161.35,219.2,1468.844,346.65,151.55,218.32800000000003,178.23,2708.306
367,16282200,106.5,20691900,118.33,28915200,156.5,20417800,238.0,8233200,1485.9,19432700,336.0,36315600,149.0,25934900,215.19,6688700,178.51,4661200,2699.06,105.846,110.02000000000001,159.35,223.9,1455.3440000000003,339.9,153.05,217.7,179.72999999999996,2695.6940000000004
368,17794300,108.52,13536600,127.5,17495400,162.0,10050600,236.25,8997400,1503.66,13782700,327.25,21194800,136.5,31046500,216.54,6368600,189.76,6101800,2669.63,105.646,112.38,158.05,229.1,1455.878,336.2,152.8,216.49,178.37199999999999,2688.2960000000003
369,19244600,115.54,9825600,124.55,93451900,154.0,17009700,226.5,6033000,1479.68,20080300,313.0,19139600,145.0,36939900,215.64,10035100,197.84,4134200,2646.08,106.05,115.05,159.0,233.75,1471.154,331.85,148.9,216.266,180.482,2686.446
370,9241400,116.55,26722100,123.24,99584500,157.5,15715700,241.0,8532400,1507.21,11723200,315.0,16179400,141.25,53326400,221.24,9101500,195.85,7003400,2730.17,108.612,118.326,157.4,235.05,1470.0880000000002,326.85,147.0,215.77399999999997,185.94,2675.8499999999995
371,6723600,113.04,9859400,120.29,30875900,158.0,7157000,234.75,6493300,1496.56,16045200,331.5,8413600,145.0,30330600,217.66,3041300,196.79,3320100,2732.69,110.622,121.40599999999999,157.2,236.05,1486.252,323.25,145.25,216.984,189.032,2682.914
372,4534900,112.02,7095900,114.39,23342300,156.0,4824500,234.75,18569700,1481.46,11628400,340.0,14639000,148.0,38836200,217.66,4319400,195.26,3737900,2709.15,112.03,122.782,157.6,235.3,1494.602,324.55,143.35,217.254,191.75,2695.5260000000003
373,2669900,111.28,9040000,117.01,31259200,157.75,12476300,237.5,9868500,1491.23,25236900,340.0,17504800,144.25,25343800,219.0,4234900,189.76,2945300,2685.6,113.13400000000001,121.994,157.5,234.65,1493.7140000000002,325.35,143.15,217.748,195.1,2697.544
374,8439100,110.77,9583800,117.01,20665700,156.0,16965100,243.0,5806500,1474.35,37751900,340.0,11296800,141.0,60384800,214.97,3825400,198.66,3760600,2689.81,113.68599999999999,119.896,156.65,234.9,1491.2280000000003,327.9,144.7,218.23999999999995,195.1,2700.7380000000003
375,5986600,108.75,17100500,117.34,32311100,151.75,10806300,237.5,4999700,1445.04,17154200,325.0,36173200,140.0,30242400,214.07,3988300,193.98,3625500,2672.99,112.732,118.388,157.05,238.2,1490.1619999999998,333.3,143.9,218.106,195.26399999999998,2709.484
376,3268900,108.26,15974000,118.0,21882100,154.5,7340800,236.0,7166800,1469.91,13182500,322.25,29273900,141.0,38016700,213.63,1642000,189.99,3669500,2646.08,111.172,117.208,155.9,237.5,1477.728,335.3,143.65,216.67199999999997,194.89,2698.048
377,11471200,106.5,49703900,111.77,19880400,154.5,15662500,244.0,8360900,1443.27,21133400,312.0,18431900,144.0,45836400,215.42,3314000,192.92,4265000,2635.99,110.21600000000001,116.75,155.2,237.75,1472.398,333.45,142.85,215.86599999999999,193.53,2680.7259999999997
378,4303900,106.5,18631300,112.43,13891000,150.0,12601800,243.0,7986200,1413.07,17084100,310.0,15753000,150.25,20622700,214.97,3359400,188.12,2977000,2582.18,109.112,116.226,154.9,239.6,1464.7599999999998,327.85,142.05,215.41799999999998,193.06199999999998,2666.094
379,7867900,104.49,32674800,108.25,16325000,153.5,10287400,243.0,11184800,1379.32,19200900,319.0,16202700,155.0,28486900,214.97,3134400,185.07,5622400,2667.1,108.15599999999999,115.30999999999999,153.35,240.7,1449.128,321.85,143.25,214.612,192.73399999999998,2645.41
380,26986300,101.73,35967700,109.97,18798000,154.5,18240900,250.0,18033600,1421.95,43103700,310.0,28453100,148.75,58972600,216.76,12539900,187.41,5753300,2678.03,106.9,113.55799999999999,152.85,240.7,1430.1219999999998,317.65,146.05,214.612,190.016,2640.868
381,24688800,97.96,15599000,110.87,45035400,161.25,14003400,252.5,12014200,1456.59,31973000,308.5,26239800,148.0,40748600,213.63,7342400,193.5,5147500,2703.26,105.49600000000001,112.08399999999999,153.4,243.2,1425.504,314.65,147.8,215.15,188.70199999999997,2641.876
382,10149500,96.2,7257800,116.61,23318600,159.75,5445100,252.0,6444200,1437.05,32171100,304.75,11479700,145.0,41870000,206.46,3433100,200.3,4007000,2657.01,103.436,110.65799999999999,154.75,246.5,1422.84,311.9,149.2,215.15,189.40399999999997,2653.3120000000004
383,9174000,93.44,13799000,117.91,12918600,160.0,5716600,250.75,7169100,1387.31,13879300,310.0,11065600,146.0,35999000,206.46,3340300,198.78,4825200,2657.01,101.376,111.626,155.8,248.1,1421.596,310.45,149.4,213.358,190.88000000000002,2657.516
384,10116700,93.95,10700900,116.03,24228600,160.75,10155500,252.5,9182300,1373.99,18673400,310.5,9333600,136.0,43306500,204.89,3379400,187.41,4483700,2623.38,98.764,112.72200000000001,157.8,249.65,1416.444,310.45,148.55,211.656,193.012,2672.4820000000004
385,9677800,92.44,28511000,115.05,24064900,157.5,6664100,248.0,6517900,1381.09,23693300,309.0,11457200,136.0,46590100,205.12,3345700,188.35,8409400,2583.86,96.65599999999999,114.27799999999999,159.25,251.55,1415.378,308.75,144.75,209.64000000000001,193.48,2663.7380000000003
386,14196900,89.92,44631000,112.51,13371600,156.0,10608200,244.25,10137000,1358.89,16420400,310.75,20911900,136.0,47928700,210.94,8024100,185.78,4634100,2564.52,94.798,115.29399999999998,159.85,251.15,1407.206,308.55,142.2,207.31199999999998,193.668,2644.904
387,15837700,87.16,19983900,112.18,12023500,154.0,5854200,240.0,11861300,1373.1,10178500,320.0,4247300,143.25,26386200,208.25,5613100,171.95,4357400,2562.0,93.19,115.622,158.8,249.5,1387.666,309.0,139.8,206.77399999999997,192.124,2617.156
388,6379700,84.9,22809400,106.85,11780000,157.5,9640300,240.0,10670700,1436.16,6385100,315.0,6204000,142.75,22186200,213.63,4119900,180.74,3293100,2572.93,91.38199999999999,114.73600000000002,157.65,247.1,1374.8760000000002,312.05,139.45,207.132,186.454,2598.154
389,11818000,90.43,23439600,106.2,15903500,157.5,13767700,238.0,12968300,1451.26,18521900,319.0,17691900,139.5,24296700,212.06,3912900,180.39,4530100,2581.34,89.674,112.524,157.15,244.95,1384.646,313.05,138.8,208.56599999999997,182.846,2581.338
390,5903800,85.91,14038400,108.17,8660200,154.0,9964500,234.5,9115800,1438.83,16677300,322.0,15047100,140.0,13313500,212.28,1547300,178.04,4375300,2532.57,88.97,110.55800000000002,156.5,242.05,1400.1,314.75,139.5,210.0,181.44199999999998,2572.93
391,7407000,84.15,15827900,106.44,8364600,153.0,11394600,237.0,5475700,1426.39,8965000,320.0,14085000,141.0,18343700,215.42,1519200,178.04,5508900,2539.3,87.66400000000002,109.18199999999999,155.8,239.35,1411.648,317.35,140.3,211.43199999999996,179.38,2562.672
392,6600700,83.9,11788800,104.89,9888400,154.5,6010200,237.0,6619700,1447.71,11555200,316.25,7192600,141.0,20974200,219.9,3667700,179.68,4481400,2606.56,86.50999999999999,107.968,155.2,237.9,1425.1480000000001,319.2,141.3,212.32800000000003,177.83199999999997,2557.6279999999997
393,1198900,85.66,745400,103.09,375400,156.0,551600,236.5,579500,1478.79,1111100,305.75,948400,141.0,4412300,221.69,429300,173.36,236300,2581.34,85.85799999999999,106.51000000000002,155.3,237.3,1440.0700000000002,318.45,140.85,214.658,179.378,2566.54
394,4689800,87.91,4294100,104.89,5635900,156.75,1435300,240.0,2615700,1495.67,3556600,306.0,2213800,143.5,10913300,222.13,789400,175.23,1738900,2593.95,86.00999999999999,105.758,155.0,236.6,1448.596,316.6,140.5,216.26999999999998,177.902,2568.222
395,2768300,87.42,4985100,104.89,3305200,159.0,5691800,240.0,2544500,1496.56,5672600,306.0,2511000,143.5,8638000,221.69,1151800,178.98,1123800,2643.56,85.506,105.49600000000001,154.85,237.0,1457.478,314.0,141.3,218.28400000000002,176.87,2570.744
396,2859000,88.16,1330300,107.84,653000,159.0,524900,235.0,552800,1485.01,1251100,313.5,700000,144.75,2205100,223.03,307300,179.33,299700,2604.88,85.808,104.83999999999999,155.85,238.1,1469.0240000000001,310.8,142.0,220.166,177.05800000000002,2592.942
397,7812100,87.91,12857900,108.33,10212200,160.0,3229600,243.0,3128100,1494.78,3829400,309.5,6384900,150.0,14308000,223.03,4650500,177.58,2817900,2623.38,86.61000000000001,105.12,157.05,237.7,1480.748,309.5,142.75,221.68800000000002,177.316,2606.058
398,8415900,88.92,11731800,108.33,12294100,163.0,5077800,251.0,3976300,1521.42,6435600,309.5,12709900,146.25,16237400,225.05,10409300,182.73,2289300,2661.22,87.41199999999999,105.80800000000002,158.15,238.9,1490.162,308.15,144.55,222.314,176.89600000000002,2609.422
399,9665400,92.93,18696700,108.98,10913500,161.75,7821000,251.0,6433800,1525.87,6126800,314.0,10966200,148.5,25846700,224.82,6907500,196.55,4561200,2604.88,88.064,106.856,159.55,241.8,1498.6879999999999,308.9,145.6,222.98600000000002,178.77,2625.398
400,13673600,91.68,21328000,110.95,9053600,162.5,9815900,246.75,4927700,1525.87,6594500,315.0,19504800,148.0,22298700,221.01,5860800,199.24,2845100,2587.23,89.06800000000001,107.674,160.55,244.0,1504.7279999999998,310.5,146.6,223.52399999999997,183.03400000000002,2627.5840000000003
401,37176600,95.95,51060900,113.16,27886000,160.25,16758200,239.25,7255600,1508.1,13415700,320.0,18931100,140.25,23835900,217.66,4569500,196.79,6536100,2565.36,89.92,108.88600000000001,161.25,245.35,1510.59,312.3,147.5,223.388,187.086,2616.318
402,17988800,98.97,22293700,113.0,15975900,163.5,36747200,228.0,6156400,1527.64,9004400,324.5,19540600,143.5,40152500,217.21,4166600,199.48,3302400,2602.36,91.478,109.95,161.5,246.2,1515.2079999999999,313.6,146.6,222.31400000000002,190.578,2608.414
403,20782400,105.25,21136500,110.29,20060200,162.5,19855500,231.25,8128600,1522.31,7421700,321.25,9198500,136.5,30510000,214.3,4355200,201.47,3216900,2585.54,93.69000000000001,110.88399999999999,162.2,243.2,1521.7800000000002,316.6,145.3,221.15,194.958,2604.21
404,5882100,101.73,35165800,108.98,39982500,165.75,10507600,232.5,11771400,1529.42,4723100,326.0,16082300,140.0,26939200,211.39,3725500,197.72,5658400,2619.18,96.95599999999999,111.276,162.1,239.25,1521.958,318.95,143.35,219.0,198.70600000000002,2589.0740000000005
405,5606200,101.73,22457600,108.33,15351400,164.0,6823900,229.75,5969400,1505.44,6275600,323.5,15491200,135.25,17887200,212.28,3697200,195.15,1977700,2591.43,98.71600000000001,111.276,162.9,235.55,1522.6680000000001,321.35,141.65,216.31400000000002,198.94,2591.934
406,11939300,101.48,24973800,109.15,23277700,166.0,5039700,229.5,6930900,1532.08,7437000,321.25,10611400,129.0,31303400,212.95,3162700,193.74,2756600,2605.72,100.72600000000001,110.752,163.2,232.15,1518.5819999999999,323.05,139.1,214.56800000000004,198.122,2592.7740000000003
407,26649700,98.72,19076000,104.56,48189300,164.75,9613900,222.5,9808100,1509.88,7417300,324.5,5596600,132.5,44243400,208.7,2893200,193.5,3433400,2607.41,101.83200000000001,109.95,164.35,230.2,1523.378,323.3,136.85,213.62599999999998,197.512,2600.846
408,4365300,95.95,38309300,104.07,12670400,165.75,5228000,224.0,8052600,1517.87,6859500,322.0,21730800,129.5,40418600,213.18,3451500,191.63,3977300,2596.47,101.78200000000001,108.26199999999999,164.6,229.1,1519.826,323.3,134.65,211.92400000000004,196.316,2601.8559999999998
409,6711800,97.45,16560900,103.57,21656600,169.25,9888700,220.5,5184800,1512.54,8186700,325.0,25535800,128.5,46410400,207.36,1897600,191.16,4109000,2627.59,99.922,107.018,165.25,227.65,1518.938,323.45,133.25,211.7,194.348,2604.042
410,4959600,94.19,39095800,104.56,26829900,166.5,3774600,216.0,4058900,1539.19,5864000,327.5,19781800,124.75,19133100,207.58,2126200,188.59,1944400,2636.83,99.066,105.936,165.95,225.25,1515.562,323.25,130.95,210.89400000000006,193.036,2605.7239999999997
411,8414000,94.69,30346500,101.2,38907500,169.0,18965000,220.0,7024000,1540.08,8383200,327.0,18371600,125.0,18221600,207.8,1850600,191.16,5037200,2662.06,97.55799999999999,105.18199999999999,166.45,222.5,1522.312,324.05,128.85,209.954,191.724,2614.8039999999996
412,7596800,95.71,18223800,99.81,32827000,169.5,7027900,222.25,8623900,1559.62,9194800,329.0,19709600,123.75,19675300,207.8,1386500,192.1,3842000,2702.42,96.2,103.59200000000001,167.05,220.6,1523.9119999999998,325.2,128.05,208.92400000000004,191.208,2626.0719999999997
413,6214300,96.96,41039800,101.94,68831500,162.5,12576300,221.5,10012100,1586.26,20333000,327.5,20789500,128.0,46017900,210.04,4308900,189.76,6398100,2690.65,95.598,102.64200000000001,168.0,220.55,1533.8600000000001,326.1,126.3,208.744,190.928,2645.0739999999996
414,5080200,97.96,55588900,102.76,18397400,163.25,5596900,221.0,5954400,1584.48,12220100,333.0,8541500,122.25,30715600,210.71,1677100,192.1,4758600,2641.04,95.79999999999998,102.216,167.35,220.05,1547.538,327.2,126.0,208.11599999999999,190.554,2663.91
415,4539400,99.46,15315000,101.28,19955000,163.0,4560600,219.0,13625300,1634.22,16463300,342.0,17692500,122.75,34360000,213.63,4450000,193.74,2918100,2626.74,95.90199999999999,102.054,166.15,220.15,1561.926,328.8,124.75,208.786,190.74200000000002,2666.6
416,4711900,98.47,28465200,96.04,19449600,160.75,8297100,214.5,9463500,1592.48,15180800,343.5,12619700,123.5,26804500,210.49,6065500,188.82,4996300,2594.79,96.95599999999999,101.398,165.45,220.75,1580.9320000000002,331.7,124.35,209.996,191.772,2664.5819999999994
417,7657900,94.95,53144000,98.41,26432500,158.0,4031800,214.0,12308300,1565.83,10769600,343.0,21404700,126.25,18844800,209.37,11105300,181.79,3266500,2598.16,97.71199999999999,100.366,163.8,219.65,1591.4120000000003,335.0,124.05,210.53400000000002,191.304,2651.1279999999997
418,4282100,94.69,34640200,94.89,32508100,157.75,18603800,222.0,5317100,1585.37,11479000,337.0,8287400,119.5,13105400,210.27,37782700,173.82,8552800,2732.69,97.56,100.08600000000001,161.5,218.0,1592.654,337.8,124.55,210.848,189.24200000000002,2630.2760000000003
419,5455000,96.2,16005900,87.6,21853500,154.25,7919300,219.0,7925400,1622.68,10918400,338.5,12522100,114.0,37082300,216.31,32656600,154.85,9875100,2800.8,97.106,98.676,160.55,218.1,1592.476,339.7,122.85,210.894,186.054,2638.684
420,2096600,95.71,30290400,87.19,18533900,154.0,12942700,220.25,6210900,1601.36,11077100,340.0,23461000,108.75,69472000,222.81,15604200,151.8,5386000,2812.57,96.75399999999999,95.644,158.75,217.7,1600.116,340.8,121.2,212.01399999999998,178.604,2670.636
421,10774300,93.69,47504900,88.33,16803000,152.5,10977000,214.25,10233500,1591.59,12034300,343.0,26704000,111.0,53073200,221.91,10053200,159.77,8222700,2840.31,96.00399999999999,92.826,156.95,217.95,1593.544,340.4,118.4,213.85,170.21600000000004,2707.8019999999997
422,7174500,89.67,31350600,84.97,16598000,152.75,17585000,217.0,7993900,1560.5,12805800,342.75,21878000,116.0,16683100,220.79,11744400,160.47,3792100,2840.31,95.04799999999999,91.28399999999999,155.3,217.9,1593.366,340.3,115.9,216.13400000000001,164.406,2756.906
423,9839600,89.92,43652900,81.94,13613900,155.0,16273800,225.0,7682700,1574.71,11555000,334.75,34473900,118.0,19202200,222.58,14762900,158.24,5832000,2846.2,93.99199999999999,88.596,154.25,218.5,1592.3,340.25,113.85,218.41800000000003,160.142,2805.336
424,6465600,92.44,34179600,80.31,12066800,157.5,6686600,222.0,4819000,1554.29,9166000,340.0,32820400,116.5,39951100,219.9,6256500,164.45,3718900,2842.0,93.03800000000001,86.006,153.7,219.1,1590.1680000000001,339.8,113.55,220.87999999999997,157.026,2828.0379999999996
425,11506600,91.93,18781300,78.91,12666300,159.0,7558600,225.5,5795800,1568.5,14479000,347.25,22172400,110.5,35849000,226.61,9206200,164.81,3723900,2856.29,92.286,84.548,154.35,219.7,1576.49,340.1,114.05,221.598,158.946,2836.278
426,11454600,91.68,41008200,80.55,13459400,157.0,21070000,228.75,5969700,1554.29,18001800,350.0,9842100,112.0,37449000,222.13,9637000,165.39,6151500,2882.36,91.53,82.89200000000001,155.35,220.75,1569.9180000000001,341.55,114.4,222.358,161.548,2845.022
427,8326000,92.19,61793100,81.86,13273800,156.0,11243000,230.0,9153100,1566.72,17034000,344.5,9396600,111.75,34673400,223.93,13948000,168.91,3606500,2888.24,91.128,81.336,156.25,223.65,1562.458,342.95,114.6,222.402,162.672,2853.432
428,12836500,94.19,34449600,78.83,9631500,158.5,10900900,233.25,9082400,1598.69,38260000,335.0,32319000,113.0,19559100,223.25,11293100,171.48,4551900,2942.9,91.632,80.714,156.9,226.25,1563.702,343.3,113.75,223.03000000000003,164.35999999999999,2863.018
429,5357900,96.71,20947500,75.39,9163100,156.0,7008000,233.0,11012200,1588.04,15238700,325.5,12477100,109.25,20811100,225.05,9639900,172.42,4674900,2976.53,92.486,80.092,157.6,227.9,1568.498,343.35,112.75,223.164,167.00799999999998,2882.3579999999997
430,3304600,94.19,15574800,74.16,9668000,154.25,3393200,233.5,3594600,1573.83,10875900,339.0,9895600,102.0,19709300,221.24,6916400,167.26,3287700,2926.92,93.34,79.10799999999999,157.3,230.1,1575.248,340.45,111.3,224.19400000000002,168.602,2909.264
431,7683200,93.95,26692300,76.04,17906000,150.75,21330800,232.0,7916700,1538.3,17771200,337.0,10161400,103.5,56641000,216.98,5193100,158.72,5245100,2892.45,93.792,78.15799999999999,156.35,231.7,1576.314,338.8,109.6,223.11999999999998,169.09199999999998,2923.3900000000003
432,8051700,91.43,43452400,75.06,19941200,150.5,13530700,228.5,9202000,1491.23,13206600,327.0,23969400,103.0,32932400,216.76,15175600,156.96,6217200,2909.26,94.246,77.256,155.1,232.35,1573.116,336.2,107.9,222.09,167.75799999999998,2925.4080000000004
433,14413400,91.68,47014500,74.9,13722400,152.0,14483300,229.0,6662700,1506.33,14564300,321.0,17800700,109.25,29540000,220.34,4271500,157.9,3682200,2905.06,94.094,75.896,154.0,232.05,1558.018,332.7,106.15,220.656,165.368,2929.612
434,19496600,93.19,30235100,69.49,15901700,152.0,8049800,225.0,5774000,1496.56,12635800,312.5,18248200,113.5,24589900,227.06,3884700,154.15,3847400,2958.87,93.592,75.11000000000001,152.7,231.2,1539.5459999999998,329.9,105.4,220.07399999999998,162.652,2922.0440000000003
435,10557800,90.43,35655400,70.14,11001500,152.5,8133800,229.0,6046500,1548.07,10348600,318.0,61985700,118.5,27504100,224.37,7359100,153.92,2330200,2952.99,92.888,73.92999999999999,151.9,229.6,1521.25,327.3,106.25,220.47600000000003,158.998,2918.512
436,10107800,93.44,32444300,67.85,12264200,155.0,7782800,230.0,8348300,1560.5,16100000,311.5,58885700,115.0,23161200,220.34,16053200,149.46,4556100,2984.94,92.136,73.126,151.55,228.7,1516.098,323.1,109.55,221.10200000000003,156.32999999999998,2923.7259999999997
437,4455400,94.19,14006200,71.13,39384900,147.75,16975800,238.5,8201700,1540.08,17670400,312.0,51468100,119.5,31132500,221.69,20000300,148.08,5660300,3048.0,92.034,71.48799999999999,152.4,228.3,1520.538,318.0,111.85,221.77400000000003,154.478,2942.2239999999997
438,10499700,94.19,45511500,74.24,32081900,150.0,13052700,239.5,13164400,1538.3,19513900,317.0,22211700,130.0,23441400,225.72,21597000,160.08,7026000,3006.8,92.586,70.702,151.85,230.3,1530.308,315.0,115.15,222.76,152.70200000000003,2969.972
439,7050800,94.44,29155900,74.73,30050500,152.0,22768000,248.0,9795200,1596.03,19473300,321.0,19921100,125.0,14602200,223.7,28500500,157.33,3359300,3048.0,93.088,70.57000000000001,151.45,232.4,1536.702,314.2,119.3,223.836,153.138,2990.3199999999997
440,11165700,95.71,23255200,72.11,22523900,153.0,21111500,251.0,9597100,1654.65,23900800,318.0,17000000,127.25,26641300,220.57,11623700,166.71,4786100,3018.57,93.338,71.61800000000001,151.45,237.0,1556.596,315.9,121.6,223.16400000000004,153.77400000000003,3008.1459999999997
441,4893600,101.99,32024700,72.6,28983700,153.5,17463100,250.0,9438000,1643.1,12063200,319.0,33256600,132.0,25835600,223.03,10538500,168.23,4599900,2989.14,94.39399999999999,72.012,151.55,241.4,1577.9119999999998,315.9,123.35,222.404,156.33200000000002,3021.262
442,9548900,100.23,21762500,75.63,26414500,155.5,12417300,249.75,6286700,1643.99,21260600,336.25,33858500,131.0,19937000,223.93,6432400,165.88,8327600,2954.67,96.104,72.96200000000002,151.25,245.4,1594.432,317.4,126.75,222.94199999999995,160.086,3022.102
443,24287600,102.48,36141500,75.71,18394900,157.5,13952100,245.0,6410100,1647.54,25090700,332.0,27178900,136.0,54943300,215.86,10358400,167.45,5751200,2926.92,97.312,73.862,152.8,247.65,1615.214,322.25,129.05,223.39000000000001,163.64600000000002,3003.436
444,22432800,103.49,33463300,77.03,22423800,162.5,18381700,246.0,6552100,1666.2,20134300,341.0,42697100,132.5,28522300,214.97,12081800,163.74,3048900,2943.74,98.97,74.15599999999999,154.3,248.75,1637.0620000000001,325.25,130.25,221.41800000000003,165.11999999999998,2987.46
445,7094700,103.49,28151900,78.34,13248900,160.0,5761100,248.0,4242500,1651.98,11647500,353.0,28522700,133.0,26202700,214.07,7566500,162.03,3368400,2903.38,100.78,74.61599999999999,156.4,248.35,1651.096,329.25,131.75,219.67199999999997,166.402,2966.608
446,5998000,102.98,21229800,78.58,14705700,161.0,18229600,250.0,7469600,1636.0,14514200,342.5,33913400,134.5,33151100,213.63,11808500,158.32,4003400,2938.69,102.336,75.86200000000001,157.8,247.75,1650.562,336.25,132.9,218.372,165.46599999999998,2943.5699999999997
447,20603400,102.73,40540900,77.68,11721100,158.5,19956100,251.5,7662500,1614.68,13822500,346.0,16057700,135.0,38566700,214.3,24569400,158.04,3653900,2982.41,102.53399999999999,77.05799999999999,159.3,247.75,1649.1419999999998,340.95,133.4,216.49200000000002,163.484,2933.48
448,8527300,100.72,18578100,74.73,10515800,158.5,37699200,251.5,7054200,1622.68,10053700,348.0,23453700,138.5,31522000,214.52,20695200,167.02,5535900,2942.9,103.03399999999999,77.468,159.9,248.1,1643.28,342.9,134.2,214.56600000000003,161.916,2939.0280000000002
449,22442800,102.48,29354000,76.21,16871900,161.75,22192500,259.0,8125000,1649.32,12133900,350.0,20538400,144.25,49337600,217.66,23533500,168.88,5244100,2919.35,102.68199999999999,77.272,160.1,249.4,1638.3080000000002,346.1,134.7,214.298,161.82999999999998,2942.2239999999997
450,5030000,103.49,13913300,75.88,13024700,161.5,13554300,259.5,4391400,1642.21,21763100,346.0,13138400,142.5,34462100,217.88,14768600,171.44,3206200,2900.01,102.47999999999999,77.108,159.95,252.0,1634.932,347.9,137.05,214.836,162.858,2937.346
451,17871000,103.98,19451900,74.08,18365800,164.0,23461300,251.5,6346000,1639.55,25182400,345.5,56521500,148.25,25220800,216.09,19240400,182.57,2888300,2911.78,102.47999999999999,76.616,160.25,254.3,1632.978,346.5,138.95,215.598,164.74,2936.672
452,21963400,100.72,37690100,75.47,12798200,163.5,9254100,255.0,5313400,1625.34,13571000,357.5,33209800,146.75,27266300,214.07,9694600,182.86,3139900,2901.69,102.67999999999999,75.716,160.85,254.6,1633.688,347.1,141.7,216.09,169.59,2931.29
453,5595500,102.48,23534200,76.37,28329800,163.0,4211100,257.25,6113600,1620.01,8475900,352.5,19988800,138.25,40592100,215.19,15583100,182.71,4296700,2851.25,102.27799999999999,75.274,161.85,255.3,1635.8200000000002,349.4,144.05,216.044,174.554,2915.146
454,17993800,103.24,12917400,75.47,18616500,162.25,4090200,259.0,7477600,1599.58,10743100,347.75,45947500,138.5,36517400,218.55,9507300,180.28,4941600,2900.85,102.63,75.602,162.75,256.45,1635.286,350.3,144.0,216.17800000000003,177.692,2896.8160000000003
455,13260100,102.98,36952900,74.65,51099500,162.0,4318700,251.75,5066900,1591.59,18043200,350.0,27192400,142.5,25396000,218.55,6006800,178.58,2788100,2875.63,102.782,75.454,162.85,256.45,1625.3380000000002,349.85,142.85,216.356,179.972,2893.1160000000004
456,23820800,103.49,13490400,74.9,57555300,161.5,12007400,260.0,6871000,1586.26,47176600,347.0,20138900,142.5,29672000,216.98,9370200,183.57,3257300,2858.81,102.67999999999999,75.208,162.95,254.9,1615.214,350.65,142.85,216.48999999999995,181.4,2888.2400000000002
457,13771000,102.98,36106100,73.99,74826500,160.75,23350300,259.0,6956400,1580.93,29978100,346.0,30999000,142.5,31725900,214.07,9923800,187.28,3493700,2880.67,102.582,75.372,162.45,256.6,1604.556,350.95,141.7,216.66799999999998,181.6,2877.646
458,16456200,100.97,9355100,72.11,29904300,164.0,6173900,258.0,6264000,1595.14,27670700,328.5,16464800,133.0,44045800,220.57,6993600,189.98,3173500,2915.15,103.03399999999999,75.076,161.9,257.4,1595.6740000000002,348.65,140.85,216.66799999999998,182.484,2873.442
459,12547900,103.98,18228200,72.11,38971300,161.75,8281800,255.0,6008900,1592.48,25743600,328.5,15709100,135.0,39384600,221.24,5511700,190.98,2608800,2934.49,102.732,74.224,162.1,257.55,1590.7000000000003,343.85,139.8,217.744,183.93800000000002,2886.2219999999998
460,44578500,103.98,16180300,71.87,42598900,159.75,17026100,256.0,6515500,1595.14,12827500,341.0,13320800,130.75,27750900,221.91,10278900,189.27,4331100,2860.49,102.88,73.552,162.0,256.75,1589.28,340.0,139.1,218.28199999999998,186.078,2892.95
461,6103800,110.51,11484100,72.11,37229100,161.5,8218700,257.0,5522300,1598.69,22485900,354.0,9539100,125.25,24831300,222.13,8334200,184.85,2299700,2906.74,103.08,72.99600000000001,161.55,257.6,1589.99,338.2,136.75,218.954,188.216,2889.9219999999996
462,8221700,109.52,9289300,69.98,25346900,159.0,24590800,248.25,4728200,1588.93,33318800,352.5,15629300,127.75,30538200,223.25,8023600,186.56,2701800,2847.88,104.48400000000001,72.438,161.55,257.0,1592.476,339.6,133.3,219.984,188.472,2899.508
463,11954600,109.26,13266900,70.06,46060200,162.75,15218100,247.5,6656200,1609.35,26096900,365.0,15800800,122.5,18966200,223.03,6721600,184.28,3354800,2889.08,105.792,71.636,161.2,254.85,1594.0760000000002,340.9,130.35,221.82,188.32800000000003,2892.95
464,10092600,110.02,11987900,67.44,37115800,166.5,19839300,244.25,6092300,1639.55,20890600,360.0,14375700,123.5,53167700,228.4,8659400,183.71,8283100,2989.98,107.45,71.22600000000001,160.95,252.75,1596.9180000000001,348.2,128.25,222.31199999999998,187.18800000000002,2887.736
465,46559100,111.53,23052200,68.91,49623700,162.0,28963700,248.5,11380400,1628.0,37745500,367.0,31620900,123.0,77243100,232.44,9102700,183.14,10723700,3005.12,108.65799999999999,70.292,161.9,250.6,1606.332,354.5,125.95,223.744,185.734,2898.834
466,12165300,111.28,27495600,67.19,16175400,163.25,7423800,251.5,9537900,1663.53,29392200,375.0,20010500,127.75,64484600,236.02,7700800,181.57,3814000,2989.98,110.168,69.7,162.35,249.1,1612.904,359.7,124.4,225.85,184.50799999999998,2927.7599999999998
467,17659600,112.53,8453900,62.28,8611300,164.75,9548200,250.0,9731500,1677.74,25565100,370.25,15093000,128.75,59149400,231.99,4338600,184.56,2847600,2994.19,110.322,68.716,162.7,248.0,1625.8719999999998,363.9,124.9,228.628,183.852,2944.4080000000004
468,6938500,113.53,23253100,64.41,19169700,164.0,24436900,250.0,10587900,1691.06,29820600,362.5,9403500,130.5,31119300,232.88,4284200,186.56,7399700,2941.21,110.924,67.176,163.85,248.35,1643.634,367.45,125.1,230.37600000000003,183.452,2973.67
469,9481600,113.04,14920500,66.21,15387500,165.25,29593400,242.25,7080100,1700.83,20458900,365.0,39921500,132.0,18661100,231.09,5033100,188.27,5817200,2938.69,111.77799999999999,66.046,164.1,248.85,1659.9759999999999,366.95,126.7,232.346,183.908,2984.096
470,4336500,110.51,9992800,69.16,26072900,162.0,26838100,234.0,12301900,1724.81,14216600,361.0,15622600,129.5,24144100,233.33,16715500,189.41,5441200,2871.43,112.38199999999999,65.79999999999998,163.85,248.45,1672.232,367.95,128.4,232.88400000000001,184.82,2973.838
471,8358900,108.52,11206300,68.59,17073600,163.0,26569900,230.5,9238100,1730.14,9813100,353.25,15959300,124.25,24774600,238.26,3926200,187.99,5013100,2879.83,112.17800000000003,65.85,163.85,245.55,1691.5939999999998,366.75,129.7,233.06199999999998,186.074,2947.1000000000004
472,4904700,108.75,9539300,67.19,14180000,164.0,13785800,229.5,5967700,1719.49,23318100,354.25,6615200,125.0,51742800,238.48,5929400,186.99,3186000,2910.1,111.626,66.13,163.8,241.35,1704.916,362.4,129.0,233.51000000000005,187.358,2925.07
473,9018800,109.52,13351500,65.55,16170200,163.75,17604800,230.0,10603000,1709.72,31641400,358.25,18900400,123.5,22844600,234.9,7124300,189.27,3968100,2918.51,110.86999999999998,67.112,163.65,237.25,1713.266,359.2,128.25,234.808,187.844,2908.252
474,10380500,111.28,11061800,63.92,5991300,164.25,37013400,222.75,12612700,1777.22,13686400,360.0,21416900,123.5,25778500,235.57,3816600,187.71,3675300,2965.6,110.06800000000001,67.34,163.6,233.25,1716.998,358.35,126.85,235.21200000000005,188.38600000000002,2903.7120000000004
475,11116700,112.78,18453400,62.93,23709300,159.75,29602900,224.5,9424400,1768.33,15359500,368.25,35459900,128.0,32025900,232.88,13894700,185.99,22988800,2808.36,109.71599999999998,66.882,163.4,229.35,1732.2759999999998,357.35,125.15,236.108,188.274,2909.094
476,8830100,110.77,8627500,61.62,13738300,159.25,22162200,224.5,10203400,1755.9,11048600,362.75,12382200,128.75,29095700,235.35,13124200,178.15,8901500,2825.18,110.16999999999999,65.636,162.95,227.45,1740.9800000000002,358.8,124.85,236.01800000000003,187.59,2896.4800000000005
477,9699800,111.78,9764800,61.29,6896100,157.5,13681500,220.5,3254600,1764.78,7153500,349.0,20660600,126.25,19143400,233.55,7643400,179.71,3494700,2790.71,110.61999999999998,64.242,162.2,226.25,1746.132,360.7,125.75,235.436,185.622,2885.55
478,10768700,108.75,14183000,59.41,14058600,157.25,17219800,227.25,7780900,1747.91,11418100,347.5,23185300,129.0,32152700,235.57,4630400,176.29,8938500,2703.26,111.226,63.062,160.9,224.45,1755.19,359.65,126.0,234.45,184.166,2861.672
479,13791300,110.02,12270400,58.26,20862400,158.25,18003700,230.0,3154600,1734.58,4035900,347.5,4650300,126.5,17607100,231.32,11451800,181.71,4949200,2683.92,111.072,61.83399999999999,159.6,223.9,1762.8280000000002,357.5,127.1,234.58399999999997,181.57,2818.622
480,8961700,109.26,14091100,59.33,16509100,156.5,11651500,226.5,7433900,1783.43,8394100,349.0,12871300,126.5,30822300,231.76,18430100,182.57,8768700,2703.26,110.82000000000001,60.702,158.4,225.35,1754.3,355.0,127.7,233.73399999999998,180.37,2762.286
481,5868600,111.53,27124300,59.82,15260300,159.0,12128700,232.5,10912500,1829.62,8425800,350.0,17011500,127.0,33429900,234.67,7526600,181.57,5073900,2663.74,110.11600000000001,59.98199999999999,157.75,225.75,1757.3200000000002,351.15,127.4,233.51,179.686,2741.266
482,11018300,111.53,12413300,60.64,11629200,155.75,12906100,227.5,9962000,1765.67,7085500,348.5,16100900,134.75,38038000,233.33,4993400,185.99,6266400,2605.72,110.268,59.62199999999999,157.7,227.35,1772.0639999999999,348.6,127.05,233.37400000000002,180.36999999999998,2708.978
483,23822800,114.54,19745500,60.64,23105900,157.0,9135400,231.5,5528100,1792.31,6736300,348.5,45376300,138.25,24200200,234.67,2585800,182.57,4842600,2669.63,110.21799999999999,59.492,157.35,228.75,1772.2419999999997,348.5,128.75,233.32999999999998,181.62599999999998,2671.98
484,18538100,116.05,28450200,59.82,17618200,156.0,12974300,223.0,3958200,1776.33,9986000,343.75,12704300,134.25,29369200,236.02,3218200,183.99,2923100,2653.65,111.376,59.738,157.3,229.6,1781.122,348.7,130.6,233.15,182.88199999999998,2665.254
485,9773100,115.54,16838800,64.24,10542200,155.25,9619100,226.0,6056400,1785.21,9488400,347.5,12916700,134.25,29847700,235.57,5666200,184.85,4379500,2621.7,112.58200000000002,60.05,156.85,228.2,1789.4720000000002,347.95,132.15,234.09,183.33800000000002,2659.2
486,2460700,115.79,7817700,65.88,3811600,156.5,2735900,227.75,2201600,1815.41,9425200,344.25,6967000,135.25,30226200,234.67,737900,187.28,1788100,2589.75,113.83800000000001,61.032000000000004,156.6,228.1,1789.828,347.65,133.7,234.852,183.794,2642.888
487,9300900,119.31,12149500,66.46,7523400,155.75,2159200,225.5,3873300,1815.41,5193200,347.5,24160200,135.0,25159500,233.55,1070800,187.28,1683800,2614.97,114.69000000000001,62.24399999999999,156.1,227.15,1786.986,346.5,135.35,234.852,184.93599999999998,2628.09
488,3404000,118.06,36288900,65.23,25955900,154.0,12943000,222.0,2811400,1804.75,9529000,355.0,14055400,132.5,16011900,233.11,1661800,187.99,3765000,2707.46,116.24600000000001,63.407999999999994,156.1,226.75,1796.934,346.3,135.4,234.89600000000002,185.194,2629.9399999999996
489,17372200,118.55,19841800,67.6,26228700,152.5,7482300,221.0,3338700,1802.97,17049900,357.0,12659700,132.25,9308700,233.55,3681300,193.41,2992000,2690.65,116.95,64.326,155.5,224.85,1799.422,347.6,134.25,234.584,186.278,2637.506
490,12640700,119.31,5223200,65.88,4785300,153.0,6278900,220.0,3013600,1779.88,16918700,355.0,11838600,129.5,17137000,234.23,5065300,186.28,1011800,2688.12,117.45,65.88199999999999,154.8,224.45,1804.75,350.25,133.85,234.09,188.16199999999998,2644.906
491,673800,118.06,3306700,67.69,10360300,153.25,2947400,221.25,3338200,1763.89,9023900,354.0,9500800,129.0,8768200,232.66,2998700,187.99,1124200,2719.24,118.204,66.21,154.35,223.25,1803.684,351.75,132.9,233.82200000000003,188.44799999999998,2658.19
492,8924900,117.81,4129000,67.36,14980600,153.75,4201800,218.0,3331800,1746.13,20439800,351.75,4705200,125.25,7292700,231.32,2226300,185.99,2791800,2721.76,118.65799999999999,66.57199999999999,153.7,221.95,1793.3799999999999,353.7,131.65,233.42000000000002,188.58999999999997,2684.088
493,5343000,117.81,6566200,68.01,18048800,153.75,4215000,216.0,3053200,1737.25,18451000,353.0,11294000,132.0,17539400,228.85,6903900,182.86,2096000,2680.56,118.35799999999999,66.752,153.3,220.45,1779.5240000000001,354.55,129.7,232.974,188.332,2705.4460000000004
494,12207500,116.3,3279100,66.87,10288800,151.5,3867900,215.0,4484700,1778.99,4898900,360.5,16150600,130.0,35748700,231.76,1207200,185.42,1473500,2654.49,118.30799999999999,67.30799999999999,153.25,219.25,1766.0240000000001,354.15,129.6,232.12199999999999,187.306,2700.066
495,4134500,116.79,4584500,65.06,4945000,152.0,5185500,216.25,1065400,1797.64,7250600,362.5,7702000,130.0,19975700,227.51,3955500,186.85,1360200,2627.59,117.85799999999999,67.162,153.05,218.05,1761.2280000000003,354.85,129.15,231.76400000000004,185.708,2692.834
496,15735000,117.55,9952600,65.55,33718300,151.0,6644500,220.0,820800,1778.99,16117000,368.75,2275700,129.5,41726300,223.48,975500,191.7,2647700,2589.75,117.354,66.998,152.85,217.3,1764.78,356.35,129.25,230.42,185.822,2680.728
497,2977200,117.55,2804000,66.05,65510400,155.25,3396500,214.5,1717700,1754.12,28792800,371.75,1071300,127.5,46391900,220.57,1806800,189.27,1278700,2577.98,117.252,66.57000000000001,152.4,217.05,1767.8,359.3,129.35,228.58399999999997,186.564,2654.83
498,10327900,115.79,9311300,68.51,56180700,155.0,5379200,212.5,1966600,1759.45,16777100,372.25,3802000,131.75,51715000,223.93,2291700,184.85,3326700,2536.78,117.2,66.308,152.7,216.35,1769.398,363.3,129.8,226.43400000000003,187.21999999999997,2626.0739999999996
499,226014000,114.54,3373700,67.85,33719900,152.0,20415900,210.0,2758900,1737.25,14539800,371.0,8102200,131.75,39100800,224.82,1401600,189.55,3975600,2511.55,116.796,66.408,152.95,215.65,1773.8380000000002,367.15,129.75,225.45,187.618,2597.318
500,18730100,109.01,9464100,67.6,34489100,151.25,12096600,213.5,4510100,1767.45,23782300,369.0,22164100,131.75,14892900,231.09,1845300,184.14,2044900,2527.53,116.444,66.604,153.05,214.65,1765.4900000000002,369.25,130.1,224.06199999999998,188.44400000000002,2568.7300000000005
501,18571600,108.52,3924000,68.83,5096600,147.25,3396000,215.0,4893300,1748.79,15440800,384.0,8724300,128.0,23834500,226.17,10228600,188.13,5445500,2480.44,114.888,67.11200000000001,152.9,214.1,1759.452,370.55,130.45,224.77799999999996,187.90200000000002,2548.7180000000003
502,8948600,108.26,4618400,68.83,12349400,144.75,8766500,220.0,3529600,1767.45,6126600,384.0,5715300,125.5,23106500,230.87,2804300,181.14,3187000,2403.08,113.082,67.768,152.15,213.1,1753.4119999999998,373.6,130.15,225.31599999999997,187.18800000000002,2526.856
503,4292200,108.01,8766400,66.62,22798200,143.0,7801000,219.5,4939300,1763.01,5341000,380.0,4115700,127.0,15975500,231.54,2199600,179.43,3698400,2362.72,111.224,68.324,150.05,214.2,1756.078,376.05,129.75,227.37600000000003,185.56199999999998,2491.876
504,5238300,106.76,4000600,66.37,26168300,135.0,4165800,214.0,6555500,1745.24,11670800,377.0,2391600,120.5,16809000,228.63,2508500,176.86,2167400,2459.42,109.668,67.946,147.65,215.6,1756.7899999999997,377.6,128.8,228.898,184.47799999999998,2457.064
505,2884600,107.5,12025100,66.54,14343000,138.5,7664700,216.5,3761500,1731.03,9136500,375.0,2811400,114.0,9959500,229.75,2774200,176.01,3077400,2434.19,108.11200000000001,67.65,144.25,216.4,1758.3880000000001,378.8,126.55,229.66,181.94,2446.638
506,7340900,106.25,5592600,65.55,14646400,133.0,5036800,221.25,4196900,1718.6,10197100,358.5,8650000,111.5,20903900,225.72,2843600,176.86,4772000,2355.16,107.80999999999999,67.438,141.7,217.0,1751.104,380.0,123.0,229.392,180.31400000000002,2427.9700000000003
507,7851200,103.49,7388500,65.96,18077800,130.0,4463900,215.0,6244400,1669.75,8161300,359.5,12608100,116.75,21717800,227.96,1591800,173.44,3095900,2303.87,107.356,66.78200000000001,138.85,218.25,1745.066,374.9,119.7,229.302,178.06,2402.9139999999998
508,10742200,100.23,8430000,63.75,27453500,131.25,8481000,203.0,8584300,1625.34,10530800,349.0,9136000,114.25,26841900,214.52,3751100,171.59,5555600,2320.68,106.402,66.208,135.9,217.25,1725.5259999999998,370.0,117.95,228.71999999999997,176.51999999999998,2383.072
509,6501200,95.45,5074500,62.6,17541400,134.0,5256800,207.0,4261400,1634.22,8840900,342.0,8320900,111.5,20308600,222.81,4040900,162.6,3295800,2427.47,104.846,65.634,133.55,213.95,1697.9919999999997,363.8,115.4,225.31600000000003,174.95200000000003,2374.6639999999998
510,6457300,97.96,4553400,59.0,9329700,130.25,5910700,203.0,4003900,1592.48,13104300,320.75,8468100,105.0,15921200,220.79,7273900,166.59,2917300,2373.66,102.58400000000002,64.88000000000001,133.35,212.55,1675.788,356.8,113.6,224.152,172.1,2368.274
511,8530600,96.45,5236500,59.74,11650400,129.0,6060100,202.0,6344100,1566.72,10260700,332.0,4015700,108.5,16114900,219.45,4061100,175.72,3075800,2329.09,100.676,63.372,131.7,209.85,1648.078,345.95,111.8,222.35999999999999,170.216,2356.1679999999997
512,5894800,97.21,5276900,58.67,15717000,125.5,6517300,200.0,5284100,1560.5,8058400,342.5,6613800,108.75,13457900,216.09,3446300,177.01,2499600,2245.01,98.716,62.209999999999994,130.9,206.0,1617.7020000000002,340.65,111.2,221.106,169.988,2350.9539999999997
513,5998700,92.44,7238800,56.7,11738100,127.5,4784700,201.0,5958100,1607.58,7282600,345.0,8781900,110.5,13549500,214.07,4189100,176.43,4075700,2261.83,97.46,60.751999999999995,130.0,203.0,1595.852,337.25,109.6,218.73199999999997,170.702,2339.182
514,3485700,93.95,5474200,56.38,10761900,125.75,3735800,196.5,5932400,1616.46,8259000,350.0,9035700,107.0,13915900,214.97,3104300,176.15,2634200,2214.74,95.902,59.342,129.25,202.6,1592.3,336.45,108.85,218.642,171.67,2327.412
515,8821100,90.68,5370200,54.98,13378300,127.0,4326000,201.75,5692700,1659.09,8111600,346.25,5732600,107.75,17650800,216.09,5520100,174.01,4478100,2287.05,95.602,58.098,127.6,200.5,1588.748,338.05,107.95,217.074,174.38,2284.866
516,12463200,90.43,9046200,54.08,17899400,125.0,8604000,198.5,7859100,1605.8,10305000,341.0,7242200,111.5,18028200,213.18,6339300,178.01,4917600,2263.51,94.146,57.294000000000004,126.95,200.25,1602.0700000000002,343.15,108.5,216.13399999999996,175.864,2267.5440000000003
517,7131800,84.4,5981100,55.88,16189100,125.5,7772900,194.0,7586100,1600.47,7631100,349.25,17365100,118.0,16622200,213.63,6713300,172.3,4672200,2236.6,92.942,56.162,126.15,199.55,1609.886,344.95,109.1,214.88000000000002,176.322,2254.4280000000003
518,9681100,86.66,5323200,55.06,23761700,130.75,16517000,191.25,6700300,1651.98,7733200,335.0,9626700,115.25,26889900,213.63,5323800,180.28,4222100,2283.69,90.38,55.604,126.15,198.35,1617.88,346.3,110.95,214.388,175.38000000000002,2252.746
519,6946300,93.69,5820400,53.51,14385300,131.5,10635100,191.0,6396400,1624.45,8226900,330.0,15036000,109.0,21134300,218.1,4278100,182.0,2525000,2253.42,89.224,55.275999999999996,126.8,196.4,1626.7600000000002,344.3,111.9,214.3,176.15,2257.118
520,7325400,93.19,9106300,54.82,11462800,124.0,11567200,182.25,6167200,1574.71,6087700,335.0,12471600,111.0,16479000,214.97,3887900,184.99,4324000,2123.09,89.172,54.702,127.95,195.3,1628.358,340.3,112.3,214.926,177.32,2264.8540000000003
521,5810200,90.17,7101700,56.05,16099100,120.25,10373900,174.0,8440100,1496.56,11173000,347.5,12963600,113.75,17866600,209.82,12667400,181.0,4479300,2043.21,89.674,54.67,127.35,191.4,1611.482,338.05,112.95,214.702,179.51600000000002,2232.0620000000004
522,4082300,87.16,6162600,54.41,9302700,121.5,5972100,174.5,4193400,1516.98,4274500,348.0,8332500,114.5,14419400,214.97,5024300,179.86,2664700,2068.44,89.622,55.064,126.4,186.5,1589.634,339.35,113.4,214.03000000000003,180.114,2188.0019999999995
523,8257400,87.67,6541700,51.3,11107700,127.75,8305000,176.75,6800500,1594.25,7228500,335.5,7330100,110.5,22731100,220.79,7014900,178.01,3894400,2186.15,90.174,54.77,125.6,182.6,1572.9360000000001,339.1,112.7,214.298,181.626,2154.37
524,4354300,91.17,7813800,54.08,11877100,123.5,7641800,184.0,4908700,1554.29,8064100,337.0,6132700,104.0,13074100,223.93,4268100,182.57,2794100,2202.13,90.376,54.017999999999994,125.0,179.7,1561.3899999999999,339.2,111.75,215.73000000000002,181.172,2134.862
525,8446900,91.43,9856600,56.29,17079100,122.0,7012400,179.5,6399300,1549.85,8514100,338.5,5715200,101.0,18610100,215.19,7675000,182.0,6441900,2224.83,89.872,54.13199999999999,123.4,178.3,1547.358,340.6,110.75,216.89600000000002,181.286,2124.6040000000003
526,5178400,91.17,6320000,58.75,11842200,121.5,7449200,174.5,4427700,1505.44,9285500,343.0,10590100,102.75,27498900,207.8,7535400,185.42,4687900,2072.64,89.52000000000001,54.426,123.0,177.75,1542.386,341.3,108.75,216.94,180.68800000000002,2144.952
527,3689600,88.16,7347000,57.2,18238300,113.0,5897400,166.75,7544300,1407.74,6064100,337.5,16839200,98.25,30915100,199.74,5866500,182.14,4098400,1969.22,89.72,54.965999999999994,123.25,177.85,1544.1620000000003,340.4,106.55,216.536,181.572,2150.8379999999997
528,9517400,81.88,10335000,56.05,28136300,115.0,5309000,164.5,8167100,1385.54,7231600,326.0,9075700,97.0,21914300,201.76,5114100,179.14,3739800,1992.76,89.92,55.524,121.55,176.3,1522.3139999999999,338.3,103.3,213.49,182.02799999999996,2130.9939999999997
529,7818300,84.15,7169200,52.77,17301300,112.0,6506100,159.5,7502200,1287.84,9450800,315.75,9819300,99.0,19412700,191.23,6923700,179.86,5210000,1883.45,88.76200000000001,56.474000000000004,119.0,173.85,1480.572,336.4,100.6,209.68400000000003,182.254,2092.316
530,12078800,79.87,6959700,56.54,25982300,109.75,4969200,158.0,9893800,1315.37,11146300,310.0,9466100,104.25,23841800,188.32,7330300,176.86,6076700,1917.93,87.35799999999999,56.212,116.7,168.95,1427.282,332.15,99.6,203.144,181.712,2028.58
531,10661300,78.62,9008300,52.94,16881800,115.5,3887600,160.5,10445700,1421.06,8352100,305.25,12015400,97.5,22376900,192.58,7157400,175.15,4847900,1967.54,85.046,56.262,114.25,164.65,1380.386,326.45,100.25,197.76999999999998,180.684,1967.2
532,6205200,81.63,13315500,53.75,17381100,121.0,10437200,165.0,6416100,1465.47,8266900,303.0,10112300,92.75,16205900,197.05,5640400,175.15,3308600,1996.12,82.536,55.1,113.05,161.85,1363.5099999999998,318.9,99.2,194.726,178.63,1946.1800000000003
533,6168700,86.91,5426800,55.31,12085000,114.0,5219700,160.5,4824300,1389.09,5066500,320.0,8825100,94.0,14691100,193.92,2880300,176.86,3962200,1811.98,81.22999999999999,54.40999999999999,114.65,161.5,1375.056,312.0,98.1,194.18800000000002,177.232,1951.56
534,5976200,82.64,8983100,57.61,12609100,107.25,6153500,155.0,8452000,1327.8,5599600,328.5,6464300,87.5,16988000,178.25,2413300,169.73,4224400,1723.7,82.23599999999999,54.262,114.45,160.7,1375.766,310.8,97.5,192.62,176.776,1915.404
535,11475700,81.63,7875800,56.46,15387800,105.0,8520900,155.0,7959400,1310.04,5237300,315.0,8668300,92.5,22174200,176.9,2576100,164.88,7252500,1707.72,81.934,55.23,113.5,159.8,1383.758,313.35,95.2,190.024,174.75,1883.4540000000002
536,9800100,80.88,8107800,54.66,25464100,103.75,8278800,154.25,10936700,1275.4,9909300,299.0,7729500,91.5,33806700,169.51,5890900,165.45,6475400,1683.34,82.286,55.214,112.55,159.2,1382.692,314.35,92.85,187.73999999999998,172.354,1841.4119999999998
537,7398500,73.59,5258100,52.94,20217300,106.5,9476000,163.0,8229300,1376.65,9128000,292.0,10592800,96.25,33463300,188.1,5116800,160.31,6906900,1761.53,82.738,55.55800000000001,110.2,157.95,1353.56,313.1,91.65,183.126,170.414,1784.5720000000001
538,7340000,78.36,4905300,51.38,15226600,108.5,6799800,153.0,5318500,1398.86,6179700,291.25,5776300,94.0,21736100,183.84,2510300,162.6,3716500,1827.12,81.13,55.396,107.3,157.55,1335.7959999999998,310.9,92.35,181.33599999999998,167.446,1737.654
539,6220900,80.38,4912200,54.41,12307400,115.0,5851000,161.0,6515900,1474.35,5022900,294.0,8695400,95.25,13909000,193.02,4095800,162.46,4468600,1990.24,79.42,54.61,106.2,156.05,1337.75,305.15,92.35,179.32,164.594,1740.682
540,5815100,85.91,2511600,54.74,14241600,112.0,6894000,165.25,4959300,1434.38,6453800,295.0,5385000,90.0,11787800,195.04,2510400,170.73,3017900,1933.9,78.96799999999999,53.970000000000006,107.75,157.25,1367.06,298.25,93.9,182.274,163.14000000000001,1793.9900000000002
541,9715200,83.64,6015000,55.23,20896300,116.75,7223800,163.25,6398700,1492.12,9315900,302.0,8053800,85.25,19330400,195.94,3616900,170.87,3397300,1925.49,79.824,53.626,109.15,159.3,1391.928,294.25,93.4,185.902,164.31,1839.2259999999999
542,4994000,84.4,4488200,55.56,14883500,111.5,4878800,161.75,6918500,1354.45,7065800,297.5,7052200,80.5,12349100,186.98,16893200,171.44,3900500,1888.5,80.376,53.739999999999995,111.75,161.1,1435.2720000000002,294.85,92.15,191.18800000000002,165.394,1887.6559999999997
543,7393200,77.87,4949600,56.87,15767900,107.75,6111300,157.5,9501500,1305.6,5632500,298.0,5757100,82.0,13713300,193.47,3709100,159.75,4224700,1996.96,82.53800000000001,54.263999999999996,112.75,160.85,1430.8319999999999,295.95,89.0,190.964,167.61999999999998,1913.05
544,8243500,78.62,3965700,53.26,11290300,108.25,6263600,152.0,4970800,1278.96,4902400,305.0,9239600,83.75,16538500,185.41,6439300,160.31,3029500,1963.33,82.44000000000001,55.362,112.6,161.75,1412.1799999999998,297.3,86.6,192.89000000000001,167.05,1947.018
545,11551500,73.34,6545200,54.08,13317100,112.0,5182100,157.0,7169300,1358.89,7859100,308.0,9914300,86.0,23006800,189.67,5995000,151.19,9281500,1890.18,82.08800000000001,55.132000000000005,111.25,159.95,1373.1019999999999,299.5,84.3,191.368,166.61999999999998,1941.636
546,10505900,77.87,5412600,51.79,13680900,112.0,4735800,155.5,15077100,1281.62,5358200,295.0,7183300,90.0,11491100,188.99,4864200,150.47,5907100,1851.5,79.574,55.0,111.25,158.3,1358.0040000000001,302.1,83.5,190.29399999999998,162.712,1932.8919999999998
547,9443400,76.11,3741500,51.87,15791600,114.5,11081800,153.75,7833900,1367.77,5066700,296.5,3347800,85.5,14957000,193.25,3506500,149.05,3731400,1980.15,78.42,54.312,110.3,156.75,1315.904,300.7,84.45,188.904,158.632,1918.0940000000003
548,7154900,80.63,5245900,51.3,10724700,118.0,14305300,154.5,5768600,1385.54,3682300,298.5,6219200,82.5,15088600,200.64,2924600,151.47,3281500,2023.03,76.76200000000001,53.57399999999999,110.9,155.15,1318.568,300.5,85.45,190.158,154.154,1936.4240000000002
549,8022600,83.9,4552000,53.51,10651800,115.75,6582900,158.0,3498300,1358.89,2992300,307.5,2992200,81.0,10090100,197.05,3170400,156.04,2661300,2000.33,77.314,52.46,112.95,154.55,1334.556,300.6,85.55,191.59199999999998,152.498,1941.6380000000001
550,8953000,79.12,4659800,51.79,7379900,119.0,5859400,162.5,3517900,1381.09,10123300,304.25,7751800,81.0,9178800,199.97,6297300,150.62,2707200,1986.03,78.37,52.510000000000005,114.45,155.75,1350.542,301.1,85.0,193.92,151.64399999999998,1949.0379999999998
551,6412200,80.88,4831900,51.05,18696400,121.75,5643700,159.0,5021200,1354.45,10235700,297.0,7256300,74.75,8507900,196.83,4912800,150.62,2764300,1924.65,79.526,52.052,115.85,156.85,1354.982,300.35,84.0,195.98000000000002,151.53,1968.208
552,10818100,78.36,8249100,49.82,12890900,127.0,8300600,165.0,6480900,1394.42,8725200,295.0,8721600,84.0,9403000,201.53,3253500,148.34,2814600,1982.67,80.128,51.903999999999996,117.8,157.55,1369.548,300.75,80.95,197.54800000000003,151.56,1982.8380000000002
553,4567500,82.64,6637400,47.85,12523800,128.0,8012200,173.0,5205200,1392.64,7038200,300.0,19236100,89.5,11614000,201.53,3293200,149.9,2886000,1992.76,80.578,51.49399999999999,120.3,159.8,1374.8780000000002,300.45,80.65,199.204,151.418,1983.3419999999999
554,3052400,83.39,8465500,48.92,8240800,130.0,4727500,176.5,5005600,1425.5,8766500,291.5,11511800,86.75,12539600,205.12,3304200,148.2,11179700,1757.33,80.97999999999999,50.803999999999995,122.3,163.5,1376.2980000000002,300.75,82.05,199.382,151.10399999999998,1977.288
555,4911300,86.15,4941200,49.41,7691800,128.0,3043900,170.0,4919600,1434.38,8893800,290.5,6113100,89.5,10341000,199.74,2304100,149.48,7485700,1633.73,80.878,49.886,125.15,167.2,1389.6200000000001,297.55,83.2,200.996,149.536,1928.688
556,4816200,86.15,12410300,50.72,9736500,131.0,7961600,172.5,5634500,1447.71,5073300,292.75,10701300,89.5,10905100,199.29,5652600,144.49,4976800,1663.51,82.28399999999999,49.41,126.95,168.7,1400.278,294.8,84.9,200.95,149.308,1858.2279999999998
557,3962200,85.66,7318100,51.3,12260000,130.0,4937300,178.0,4996000,1463.69,4806700,291.0,4795500,89.5,12547300,198.85,10531700,149.25,3374500,1677.12,83.338,49.344,128.8,171.4,1418.93,293.95,87.85,201.442,148.082,1806.0
558,5248700,87.16,4457300,53.75,14874000,128.0,2638900,176.0,3347200,1437.05,5483700,300.0,3416200,91.25,7582900,196.38,3456200,154.15,2796300,1678.83,84.798,49.64,129.4,174.0,1432.784,293.15,88.95,200.906,148.264,1744.89
559,6374500,86.4,3292600,54.9,5980000,130.75,5027000,176.0,5246800,1429.06,5209500,308.75,6955300,81.5,15531100,194.37,4413600,154.74,3152000,1686.48,85.702,50.82000000000001,129.4,174.6,1441.6660000000002,293.15,89.3,199.876,149.11399999999998,1682.104
560,4379200,89.67,4461600,54.9,8561600,124.5,5131800,170.0,4056000,1405.96,5492400,308.75,4689200,80.0,16049500,187.87,3397900,154.15,2492200,1615.01,86.304,52.016,129.55,174.5,1442.3780000000002,296.6,88.25,197.726,150.422,1667.934
561,3160500,83.39,4709000,55.15,13264200,120.5,8798500,164.5,4790800,1376.65,5794200,311.0,6450000,80.0,11313600,186.53,6358000,150.69,4469700,1580.12,87.00800000000001,53.114,128.85,174.5,1436.694,300.25,86.35,195.352,151.356,1664.19
562,5456400,83.14,5270400,52.28,9339800,122.75,5779900,164.0,4917000,1370.44,7369300,300.0,17332300,80.25,11180900,189.44,4433800,140.3,3966500,1550.34,86.456,54.0,126.75,172.9,1422.482,303.9,84.45,192.8,152.596,1647.5120000000002
563,4223600,82.9,5599200,52.61,8629600,118.0,1797500,162.5,2268800,1347.34,3086100,297.0,6963500,76.75,8499500,188.99,2683000,147.08,2812000,1606.5,85.952,54.196000000000005,125.3,170.1,1403.8319999999999,305.7,82.6,190.91799999999998,150.80599999999998,1622.156
564,6182500,80.88,9671600,52.61,19026700,115.0,4822300,156.0,7474900,1313.59,6448100,306.0,14740900,74.75,18685600,180.48,4366500,145.93,6170900,1612.45,85.1,53.967999999999996,123.3,167.4,1385.89,305.1,79.7,189.44,149.392,1607.69
565,3135000,77.62,7411900,52.28,9633800,113.75,4171100,160.75,5044000,1327.8,5606400,302.0,20042700,75.0,12491500,183.4,4414900,144.34,3779400,1637.98,83.99600000000001,53.510000000000005,120.15,163.4,1362.796,304.55,78.35,186.66199999999998,147.63000000000002,1592.884
566,5433500,77.36,9135100,51.46,16795500,111.0,6105700,159.75,4862600,1323.36,12853800,294.5,15326300,75.25,18178700,186.98,5268700,142.32,5281900,1659.25,81.586,52.98600000000001,118.0,161.55,1347.1640000000002,303.2,77.35,185.768,145.668,1597.4779999999998
567,3082000,75.86,5173300,50.64,12015100,115.0,7346600,167.5,6304600,1364.22,10095500,289.5,7024900,82.0,20331400,191.01,6164100,137.41,5009100,1710.31,80.38000000000001,52.248000000000005,116.1,160.6,1336.5059999999999,299.9,76.4,185.858,143.994,1613.304
568,6072400,78.36,3830300,49.33,16899900,112.75,7107400,167.0,3821500,1341.13,5213500,281.0,4396900,81.5,8381600,187.65,2186800,139.0,3225900,1717.12,78.924,51.92,114.55,161.3,1335.262,297.8,76.75,186.172,143.416,1645.298
569,7214800,76.37,3549100,49.9,42942900,114.5,9276600,181.0,5936200,1378.43,5139600,284.5,14235900,79.5,9368900,194.37,8345000,135.1,3902400,1748.6,78.016,51.263999999999996,113.5,162.2,1334.02,294.6,77.7,185.904,141.8,1667.422
570,4295700,80.12,4733500,49.33,16876300,110.0,9315900,177.25,4627000,1383.76,8072300,276.0,10859000,79.5,15861300,197.5,5210000,140.3,2570700,1758.81,77.114,50.721999999999994,113.4,167.2,1346.988,290.3,78.65,188.682,139.634,1694.652
571,7552200,80.12,6074100,49.25,17376200,104.75,4615100,179.0,5632800,1336.69,54598200,283.0,7864100,80.75,14002500,191.23,9043200,143.19,2750900,1701.8,77.614,50.132000000000005,112.65,170.5,1358.18,285.1,79.55,191.502,138.82600000000002,1718.818
572,4509200,75.86,5610600,50.31,23334800,99.5,3520200,177.0,6380800,1295.83,25338000,271.0,7516600,80.75,13396600,189.89,7327700,134.53,4029300,1683.08,78.16600000000001,49.69,111.4,174.35,1360.8460000000002,282.8,80.65,192.352,139.0,1727.328
573,5767200,74.1,5218700,48.84,10831900,99.0,3683200,181.5,3065300,1310.04,6351100,232.0,10436000,74.0,13194200,193.47,5317700,131.79,2268800,1684.78,78.16600000000001,49.624,108.3,176.25,1347.1680000000001,279.1,80.4,192.128,138.424,1721.882
574,4294500,73.85,15351600,48.02,27439200,101.0,7313500,183.0,5461200,1289.61,15410600,237.0,8028700,73.5,35888900,183.17,8249900,134.53,4025600,1689.04,77.31400000000001,49.525999999999996,105.55,179.15,1340.95,269.3,78.9,193.292,136.982,1715.414
575,7149400,74.35,16935700,46.71,26671800,95.25,8766200,178.75,7816200,1207.9,22640500,234.5,14862800,76.75,27806700,182.28,7354500,133.08,3851200,1642.24,76.81000000000002,49.15,102.85,179.55,1323.186,259.8,77.7,191.052,136.868,1703.5019999999997
576,6675700,70.58,15315600,45.23,28300400,94.0,9809100,173.0,6959600,1174.15,34617700,218.0,10302200,73.25,19814600,184.74,5987200,124.42,4132100,1610.75,75.65599999999999,48.626000000000005,99.9,179.85,1288.014,251.5,77.15,188.00799999999998,135.424,1680.188
577,20720900,71.34,23182100,43.43,39522000,94.5,14503900,178.25,18402600,1160.83,34643600,201.0,20299700,67.5,59152000,193.7,9174400,126.15,13005300,1655.85,73.74799999999999,47.822,97.75,178.65,1255.5059999999999,238.5,75.65,186.70999999999998,131.67000000000002,1661.9779999999998
578,6573400,70.83,10127900,41.46,15632900,91.75,3549300,171.0,7878800,1094.22,15144200,173.75,3877700,68.0,19818500,182.72,4633900,126.15,6183500,1593.74,72.84400000000001,46.446000000000005,96.75,178.9,1228.5059999999999,224.5,73.0,187.47199999999998,129.99399999999997,1656.532
579,6901400,67.06,17057100,41.54,20568600,93.0,8287400,164.75,12363800,1061.36,16556600,183.75,7811900,74.0,36808200,175.11,4487900,121.39,6866700,1530.77,72.19,44.970000000000006,95.3,176.8,1185.342,212.85,71.8,185.32200000000003,128.866,1638.3239999999998
580,5099400,65.81,12938800,39.9,21811000,96.25,5924500,169.0,10646400,1081.78,12555400,183.75,8429900,75.0,24071600,179.97,2901500,117.49,8739300,1611.6,70.83200000000001,43.674,93.7,173.15,1139.692,202.2,71.9,183.71,126.23799999999999,1606.67
581,6445300,69.58,8306100,38.02,23585600,100.5,5276800,175.25,12159800,1120.86,11317000,180.0,8860800,67.25,19053400,184.49,3660600,120.38,4067700,1694.14,69.124,42.312,93.9,171.2,1114.4679999999998,192.05,71.55,183.248,123.12,1600.5420000000001
582,7334400,75.1,4464600,37.53,20734600,90.5,2186200,176.5,9502600,1145.73,8703200,185.25,8975000,68.5,10904600,187.65,1942700,125.43,5239200,1740.09,68.924,40.870000000000005,95.2,171.65,1103.81,184.45,70.35,183.198,122.31199999999998,1617.2200000000003
583,5675100,74.35,10831200,38.6,22680900,86.5,5928200,172.5,8757600,1065.8,18287300,187.0,12788300,70.0,22645300,186.07,3959700,123.84,4925700,1640.53,69.676,39.690000000000005,94.4,171.3,1100.7899999999997,181.3,70.55,181.988,122.168,1634.0680000000002
584,4251200,70.07,12004300,38.51,22561100,87.0,7591800,174.0,7142700,1096.88,11912300,193.25,10726800,72.0,15280200,180.64,6262900,117.78,4524200,1701.8,70.38,39.118,93.35,171.6,1095.106,183.95,70.95,182.658,121.70599999999999,1643.4260000000002
585,4349500,72.34,16297900,37.86,19610000,93.0,11786500,168.0,8946400,1156.39,14098000,192.0,12433400,75.5,17499400,185.84,6813800,127.46,5153400,1812.42,70.982,38.512,92.15,173.45,1102.21,185.85,70.55,183.764,120.984,1677.632
586,2195500,75.35,6881900,40.97,22039900,93.5,9376300,157.25,7141600,1162.61,10211700,196.5,16539300,74.5,17759600,182.68,4730100,124.57,4059700,1803.91,72.28800000000001,38.104,91.5,173.25,1117.132,187.5,70.65,184.93800000000002,122.978,1717.7959999999998
587,4320900,76.37,4956600,42.2,15797800,91.25,9559300,159.5,7528800,1109.32,12941900,203.25,15222700,68.25,12183400,184.04,3313800,121.25,3680100,1750.3,73.44200000000001,38.694,90.1,169.65,1125.482,190.8,72.1,184.57600000000002,123.81599999999999,1739.75
588,3930400,74.1,6291200,41.71,29622600,96.0,7220400,157.0,5109300,1137.74,9651800,204.75,13804800,65.25,11700700,179.06,2980800,123.12,2314000,1723.07,73.696,39.628,90.25,166.25,1118.2,194.4,72.05,183.85399999999998,122.97999999999999,1741.792
589,5482500,74.61,7994500,41.63,16953100,92.5,5525200,155.0,6787000,1101.32,10173800,206.5,9599000,66.5,15027900,174.99,3408500,121.53,3868600,1656.7,73.646,40.25000000000001,92.15,163.15,1132.588,197.95,71.1,182.452,122.83600000000001,1758.3
590,2953300,75.35,6403400,39.66,19565700,95.0,10030300,160.5,7963400,1123.53,20403100,205.0,7615500,72.5,21234600,174.54,5168600,122.98,3103700,1702.65,74.554,40.874,93.25,159.35,1133.4759999999999,200.6,70.0,181.32199999999997,123.58599999999998,1749.28
591,2955500,75.86,7518900,39.25,30879100,96.0,10477100,163.0,8255400,1158.17,14763100,206.5,10307600,70.0,13440400,175.67,8440900,119.51,3740200,1701.8,75.15599999999999,41.233999999999995,93.65,157.85,1126.904,203.2,69.4,179.06199999999998,122.69000000000001,1727.3259999999998
592,6514700,75.86,7788700,39.5,32344500,107.0,9408400,168.0,8416800,1259.42,14229600,189.0,43314800,75.0,21843000,187.2,6082400,117.78,3351100,1759.66,75.258,40.89,94.15,159.0,1126.016,205.2,68.5,177.66,121.678,1706.9039999999998
593,2785100,78.87,6996400,39.58,25810100,101.75,3824800,169.0,5539500,1212.34,7874000,185.5,9561900,76.0,17208400,179.97,5818900,120.38,12314000,1991.11,75.15599999999999,40.35,97.3,160.7,1156.036,202.35,69.85,178.292,120.984,1708.7760000000003
594,3727700,78.62,11460700,41.3,40704600,108.75,6997200,175.75,7718800,1345.57,10299100,200.0,21487000,76.0,19884500,186.3,4373600,118.36,7408600,2008.12,76.11,39.924,98.45,163.1,1170.9560000000001,198.5,72.0,178.474,120.43599999999999,1762.384
595,7651700,81.88,6238000,41.95,20000900,105.25,7775900,174.5,9433500,1310.04,14511300,202.0,18960000,75.0,17517800,184.71,5936100,128.89,4107300,1944.31,76.912,39.858000000000004,101.7,167.25,1219.806,197.2,73.9,180.73600000000002,119.80199999999999,1832.6680000000001
596,4084100,80.88,10155300,44.82,24153600,110.75,6514300,177.75,7202800,1375.77,17203900,208.25,15218700,71.25,17989800,185.84,3982500,130.34,5205800,2042.16,78.218,40.315999999999995,103.75,170.05,1257.108,196.6,74.4,182.77000000000004,120.98400000000001,1881.0
597,3534200,82.14,9811600,44.25,16329600,112.75,6652600,182.0,5603000,1367.77,11038800,207.0,15713400,69.0,16468500,180.64,4064700,132.65,3332300,2021.74,79.22200000000001,41.42999999999999,106.7,173.0,1300.628,196.95,74.65,184.80400000000003,123.15,1949.0719999999997
598,3063700,82.39,11072700,44.41,13234800,113.0,6046800,190.0,4465400,1389.09,8544900,197.0,11458800,70.0,13704100,180.87,2850500,133.08,3472800,2003.02,80.478,42.38,107.85,175.8,1322.298,200.55,73.45,183.49200000000002,126.124,2001.4879999999998
599,6095900,84.4,13260100,43.1,46132400,108.25,9384500,184.0,6662000,1389.98,6163300,193.75,16110100,72.0,12002200,182.91,7542300,133.95,2968300,1978.34,81.18199999999999,43.346,110.1,180.0,1357.648,202.85,72.25,183.672,128.66400000000002,2003.8700000000001
600,4611500,85.66,6717000,45.56,28545800,107.0,5370200,179.5,8152000,1296.72,14569700,192.25,14431500,73.25,11994100,180.87,3314700,132.51,3701600,1951.96,82.338,43.706,110.0,181.65,1366.53,201.6,71.45,182.994,131.782,1997.914
601,3085100,80.88,2926600,44.9,12721100,111.0,5269400,185.5,5970300,1367.77,6946600,186.0,19901600,76.5,12807000,187.2,3650300,125.0,7303900,2010.68,83.09399999999998,44.428,110.35,182.65,1363.8660000000002,199.65,71.1,182.226,132.506,1999.4440000000002
602,1392500,84.9,5879200,45.23,11194600,108.5,4552600,180.0,5454700,1356.23,7065900,176.0,12048100,71.75,12563500,184.94,4077100,130.05,2487400,2012.38,83.09400000000001,44.444,110.4,184.2,1362.266,195.2,72.15,182.498,131.43800000000002,1993.148
603,3023200,84.15,6321000,45.89,14622000,114.25,3830000,185.5,3945700,1357.11,9359600,180.0,9685200,73.0,11317400,185.62,5930500,124.28,2414700,2022.59,83.646,44.64,109.55,183.8,1359.9579999999999,189.0,72.7,183.358,130.91799999999998,1991.2760000000003
604,8099900,82.9,8364600,46.38,12711900,109.5,4840100,180.25,4279100,1299.38,9064700,179.75,9518000,73.5,14418400,183.58,3573300,126.15,2569400,1957.07,83.998,44.936,109.8,182.9,1353.562,185.6,73.3,184.30800000000002,129.158,1995.19
605,3704300,78.11,5672800,48.76,11570100,108.0,2115200,181.5,4608000,1302.94,8277300,181.5,3360000,73.5,19184600,178.38,9405700,125.29,1608100,1990.25,83.69800000000001,45.592,110.05,182.15,1335.442,182.8,73.6,184.442,127.598,1990.9360000000001
606,3621600,79.63,4986500,46.87,16803000,111.0,6932600,190.5,7144100,1335.8,8508300,175.25,6394600,79.25,22440400,179.29,26282600,131.5,2650100,2029.4,82.18800000000002,46.23199999999999,110.25,182.55,1336.6860000000001,180.65,73.65,183.94400000000002,126.154,1998.5940000000003
607,3415400,79.87,9326600,47.44,11165900,108.75,5170300,193.0,3613700,1314.48,5907900,179.0,4400800,80.0,11765800,178.16,7733600,144.92,5245100,1922.18,81.938,46.626,110.25,183.55,1330.292,178.5,74.2,182.362,127.454,2002.3380000000002
608,6176200,78.36,7078300,48.51,25281800,116.5,9354600,197.25,5432600,1378.43,11632500,186.25,8561100,82.0,23094300,184.04,4232500,147.37,4603300,1948.56,80.932,47.068,110.3,186.15,1321.9419999999998,179.1,75.85,181.006,130.428,1984.298
609,6501600,81.14,10894700,46.87,18626600,117.5,13181100,188.0,6562000,1389.98,13766000,179.0,9940400,80.5,19129600,184.94,8143400,146.65,5077000,1923.88,79.774,47.592,110.75,188.5,1326.2060000000001,180.35,77.65,180.69,135.046,1969.4919999999997
610,7810000,83.9,13521800,50.31,13822700,115.0,4320600,187.75,5425200,1376.65,6286200,188.0,9812100,77.5,21651900,188.56,3120700,150.98,3359100,1935.8,79.422,47.69,112.35,190.05,1344.3259999999998,180.2,79.05,180.962,139.14600000000002,1962.854
611,5510200,83.64,4624800,47.77,16600300,113.0,5320600,186.25,7665400,1372.21,5951900,184.0,12602600,75.75,16814900,185.17,6952000,150.11,5492300,1989.4,80.58,48.0,113.75,191.3,1359.068,181.5,79.85,182.998,144.284,1951.964
612,6345700,83.9,27155900,46.3,8551600,112.0,5501200,175.75,6147700,1337.57,6877800,183.0,5106800,75.75,8191700,181.78,6044000,149.1,10529500,2097.47,81.38199999999999,48.18,114.15,190.45,1366.35,183.25,79.15,184.174,148.006,1943.964
613,4225400,84.64,19055300,45.8,8989800,111.5,5042600,181.0,5062400,1341.13,7449200,185.75,7967900,76.5,9954600,184.04,3889300,146.94,4074700,2071.94,82.18800000000002,47.952,114.8,187.0,1370.9679999999998,184.05,78.3,184.89799999999997,148.842,1979.0219999999997
614,6345400,84.9,11511900,43.43,27835700,108.0,8162800,183.25,5110600,1356.23,10423200,179.75,6927000,74.0,15246100,184.49,4466100,141.6,5998800,2122.99,83.444,47.410000000000004,113.8,183.75,1363.508,183.95,77.2,184.89799999999997,148.756,2003.6979999999999
615,2331900,86.4,139600900,41.63,12750000,106.5,6080100,179.5,3788900,1322.48,13141900,174.75,7670900,77.5,18026600,179.29,6257600,146.07,4626400,2135.76,84.196,46.722,111.9,182.8,1356.7580000000003,184.1,75.9,184.808,147.74600000000004,2043.52
616,4010500,83.39,68094600,42.69,13171200,109.75,5146500,186.0,6070400,1331.36,9302400,173.5,9631800,80.0,12858400,179.97,3947800,141.89,4357500,2127.25,84.696,44.986000000000004,110.2,181.15,1345.9239999999998,181.45,75.9,182.954,146.76399999999998,2083.5119999999997
617,7190400,86.91,48590800,38.32,14854800,112.0,3144400,187.5,7381300,1349.12,10346400,163.0,4443000,76.75,13921900,181.32,4283800,141.45,3705100,2142.57,84.646,43.97,109.55,181.1,1337.754,179.35,76.75,181.914,145.12,2111.082
618,4240600,91.17,33420500,38.96,12802900,112.0,4800400,187.75,4499200,1339.35,8143700,161.0,8067600,76.0,12132800,180.87,3465800,145.35,2680400,2161.29,85.248,42.373999999999995,109.55,183.45,1340.0639999999999,175.35,76.95,181.82199999999997,143.59,2120.102
619,3645500,91.43,22046300,42.44,13949400,110.75,5696400,181.25,4775900,1336.69,12268900,167.25,9215600,78.5,11004100,181.32,3540600,143.19,3236400,2131.5,86.554,41.006,109.65,184.8,1339.7079999999999,170.4,76.85,181.188,143.272,2137.972
620,11884500,91.68,7850700,40.51,11262000,109.75,6819000,180.0,5007000,1336.69,7201200,169.5,8834100,83.25,19546700,181.1,6578700,146.07,3899800,2110.23,87.86000000000001,40.808,110.2,184.4,1335.8,167.9,77.75,180.554,143.59,2139.674
621,5197100,88.16,15382100,41.66,17527500,115.75,7648400,187.0,7910400,1376.65,14372700,173.25,16204100,83.0,18454800,182.45,4767700,142.46,4495000,2146.82,88.91600000000001,40.583999999999996,110.85,184.5,1338.6419999999998,166.85,78.9,180.916,143.58999999999997,2134.568
622,4508100,93.95,12159200,43.46,13806500,118.25,7042500,191.0,7189500,1397.97,8446600,175.0,11015800,85.0,22921800,177.25,5419000,147.37,4661000,2107.68,89.87,40.378,112.05,184.7,1347.7,166.8,79.5,181.41199999999998,143.704,2138.482
623,5742700,95.2,10042400,43.46,10604500,115.75,4253700,190.75,5749500,1397.08,9103900,172.0,8374600,89.0,20053700,175.9,4233500,150.69,4073500,2064.28,91.278,41.406,113.3,185.4,1357.47,169.2,81.15,180.598,144.88799999999998,2131.504
624,6328000,90.43,13814300,41.92,13534300,113.25,4485500,190.75,9055100,1421.06,14925800,175.0,17247400,95.75,17510000,175.9,4052200,147.23,3381700,2064.28,92.08399999999999,42.306,114.05,186.0,1369.016,171.4,83.75,179.60399999999998,145.956,2112.102
625,8824000,89.92,19442600,39.99,12413700,113.5,5429500,189.0,6130700,1422.84,9424700,171.25,16703300,95.5,29662500,181.32,12673400,147.23,2572900,2101.72,91.884,42.202,114.55,187.9,1385.89,172.95,87.2,178.51999999999998,146.76399999999998,2098.6580000000004
626,4312600,90.68,21624200,40.12,8734500,116.75,18924900,171.5,3501900,1454.81,6851600,172.25,15533100,93.75,24920100,184.04,6099000,143.62,1560300,2086.41,91.53200000000001,42.098,115.3,189.7,1403.1200000000001,173.3,89.65,178.564,146.996,2096.956
627,6637700,91.93,7792500,42.95,9241600,115.0,10016100,172.5,3721400,1463.69,13354400,170.0,22507100,88.5,18002600,183.58,4586300,143.76,1718400,2081.3,92.03600000000002,41.790000000000006,115.5,186.6,1418.752,173.1,91.8,178.88199999999998,147.228,2084.874
628,2789000,93.44,20421600,42.18,17293200,114.5,5289800,170.25,4589300,1447.71,11100000,167.75,8857500,86.75,14249700,183.13,5703600,144.49,2390800,2067.69,91.632,41.688,114.85,182.9,1431.896,172.1,92.5,180.148,146.506,2079.5980000000004
629,3485000,93.44,12044500,44.88,14070900,111.25,4463700,165.0,8562600,1377.54,18194300,169.25,9382300,88.5,13064200,179.51,4354600,145.78,3079400,2047.26,91.28,41.432,114.6,178.8,1442.022,171.25,92.05,181.594,145.266,2080.2799999999997
630,4266300,90.43,11236000,44.88,19248300,109.5,6211000,164.0,6642700,1353.56,21084200,169.5,8318700,89.75,18883500,180.64,3087700,143.76,3403800,2048.12,91.882,42.024,114.2,173.65,1433.318,170.1,90.6,182.316,144.976,2076.8759999999997
631,6145500,89.41,5880900,43.34,12636200,106.75,7613400,163.5,6094400,1354.45,12699900,176.75,8325600,85.0,15854900,178.38,2966500,140.88,3937400,2004.72,91.98400000000001,43.001999999999995,113.4,168.65,1419.462,169.75,89.45,182.18,144.28199999999998,2066.156
632,7936700,88.67,10509500,44.24,12755700,104.5,4299900,161.5,4718300,1359.78,7828300,179.75,3642300,83.75,11103800,176.8,2571600,142.18,3467000,1963.88,91.72999999999999,43.646,111.4,167.05,1399.3899999999999,170.65,87.7,181.048,143.73399999999998,2049.8179999999998
633,3753400,86.66,107243500,42.95,14693900,101.75,5450400,161.75,6549800,1301.16,7265500,175.5,8118800,85.25,10193800,174.99,2390600,140.59,2663600,1948.56,91.078,43.904,109.3,164.85,1378.6079999999997,172.6,86.75,179.692,143.41799999999998,2026.334
634,4227100,86.15,55040300,36.88,17980100,102.25,7318200,158.0,7332600,1312.71,29323800,179.25,11974300,85.0,14691200,174.99,4709100,139.0,3402100,1904.31,89.72200000000001,44.05800000000001,106.75,163.15,1349.298,174.15,86.45,178.064,142.63799999999998,2002.5080000000003
635,4979700,85.91,34697000,40.02,9078800,103.5,6342500,164.25,6216200,1350.01,54220300,178.5,5511500,81.75,11433100,179.06,3783700,139.72,3637700,1969.83,88.26399999999998,42.458000000000006,104.95,161.75,1336.3319999999999,176.15,85.75,177.16,141.28199999999998,1973.9180000000001
636,5143300,87.16,47751000,40.25,11996500,101.5,7884000,159.5,5053300,1317.15,142185400,163.5,6689700,85.0,8265700,177.25,4364600,141.74,1910800,1974.94,87.35999999999999,41.486000000000004,103.75,161.8,1335.622,177.95,84.15,176.844,140.474,1958.2599999999998
637,5170300,85.66,33814200,39.12,9726700,99.5,4806200,156.25,7481700,1268.3,38950500,131.0,8086400,80.0,12309500,174.77,3700600,138.14,2601500,1962.17,86.91,40.868,102.7,161.0,1328.1619999999998,175.3,84.15,176.618,140.64600000000002,1952.304
638,2991900,86.15,16025800,41.15,12112400,104.0,3969700,159.25,5825700,1334.91,15326800,104.0,6147600,80.25,14647500,178.38,2459900,136.26,1860600,1968.13,86.30799999999999,39.84400000000001,101.7,159.95,1309.8660000000002,165.55,83.4,176.212,139.83800000000002,1951.962
639,5080400,87.42,25441200,44.52,12922500,100.0,14709900,150.0,4972400,1296.72,12295200,115.25,12723600,77.0,17649900,172.51,2544500,139.43,2941400,1901.76,86.20599999999999,39.484,102.15,159.45,1316.616,151.25,82.4,176.89,138.972,1955.8760000000002
640,3335400,87.42,26343900,42.72,14407000,100.0,9454600,144.75,5630700,1261.19,16433200,116.25,9800800,81.0,13460300,169.57,4784000,136.4,4394800,1871.98,86.46000000000001,41.01200000000001,101.7,157.85,1313.4180000000001,138.45,80.8,176.394,139.058,1955.366
641,7397500,84.15,22636800,39.8,18114700,95.0,7360800,149.25,5608500,1265.63,16554000,117.0,9863400,78.0,15886300,170.02,3300600,130.92,3922200,1884.74,86.76200000000001,41.55200000000001,101.0,153.95,1295.654,126.0,80.65,174.496,138.39399999999998,1935.7959999999998
642,3615100,87.67,26934600,40.92,11823900,96.5,5013000,152.25,3551200,1285.17,17621600,122.25,4279500,77.75,13468200,171.15,4007100,130.19,3272200,1895.8,86.16000000000001,41.462,99.7,151.9,1285.3500000000001,116.7,79.25,173.05,136.23,1917.756
643,1886400,88.92,8488100,40.25,5076300,96.0,3520000,148.0,2780200,1332.25,8436500,124.0,2893100,77.75,10782400,172.28,1556800,133.08,1409900,1939.2,86.562,41.822,99.1,151.1,1288.7240000000002,114.95,78.8,172.326,134.64000000000001,1904.482
644,650100,89.41,2895600,39.57,1333800,96.25,847800,147.25,779600,1339.35,1669800,127.75,735200,77.75,1619100,172.05,232600,131.64,323600,1956.22,87.11600000000001,41.642,97.5,148.85,1288.192,118.95,78.3,171.106,134.00400000000002,1898.696
645,1265700,89.18,4267000,39.57,3238500,93.25,3958700,142.0,1482200,1278.07,4671700,123.75,3348700,79.75,3892900,169.11,1708800,132.94,1848800,1866.87,87.51400000000001,40.652,96.75,148.3,1296.718,121.45,78.45,171.01399999999998,132.446,1909.5880000000002
646,2104700,86.15,4438600,39.57,4944000,95.25,3438600,143.0,1269000,1306.49,6498000,123.75,2792900,79.75,8247200,174.77,1436400,129.91,1948700,1871.98,87.866,40.022,95.4,147.75,1300.0939999999998,122.95,78.2,170.922,131.754,1908.566
647,1409200,88.92,1670600,40.25,1774400,96.0,1409100,145.0,668200,1321.59,2760800,127.25,2252600,80.75,1959200,175.44,351000,129.91,755600,1889.0,88.266,39.976,95.45,146.5,1308.266,124.3,78.55,171.872,131.55199999999996,1906.014
648,2941000,88.41,3752800,41.37,6504700,99.25,6583500,149.75,4429500,1356.23,15280900,124.0,5219600,80.0,12143000,177.03,1954900,132.8,3122000,1850.71,88.51599999999999,39.842,95.35,145.05,1315.55,125.3,79.15,172.73000000000002,131.496,1904.654
649,2831800,91.43,3288200,41.82,10739800,100.5,7590300,143.0,3972000,1369.55,9412800,124.0,4738100,79.0,10854400,174.09,3635100,136.84,2496400,1860.92,88.41400000000002,40.066,96.0,145.4,1320.346,125.3,79.6,173.68,131.44,1886.9559999999997
650,3501200,90.43,2750900,42.27,20711900,96.5,7572800,148.5,4444500,1344.68,6907700,124.0,4189800,78.0,16412400,177.71,3371000,136.69,3452800,1850.71,88.818,40.516,96.85,144.55,1326.386,124.55,79.85,174.088,132.48,1867.896
651,6032600,88.92,5861700,41.37,21052500,93.25,6485200,147.0,5043900,1323.36,6957500,126.25,5937600,80.75,20444400,179.74,2817100,137.12,3034900,1812.42,89.06800000000001,41.056,97.5,145.85,1339.708,124.6,79.5,175.80800000000002,133.23000000000002,1864.664
652,5280200,88.41,5402900,42.05,24261900,89.75,51262000,116.5,6060400,1301.16,10554500,128.0,5697800,79.0,25863700,181.78,3536100,136.26,5299000,1756.26,89.622,41.416000000000004,97.1,146.65,1343.0819999999999,125.1,79.7,176.80200000000002,134.672,1852.752
653,3053700,87.91,9008500,43.17,17991300,91.5,24891500,118.0,4871200,1299.38,11565500,125.5,5639500,76.5,49988800,174.31,1952300,133.37,5967600,1737.54,89.52000000000001,41.775999999999996,95.85,140.95,1338.9959999999999,125.25,79.35,178.07,135.942,1826.2040000000002
654,5754800,88.41,41058700,51.27,30517000,92.0,12698300,120.5,6116300,1338.46,6829000,124.25,12478500,76.25,38028800,168.89,3409700,134.53,3834400,1791.14,89.42,42.136,94.3,134.6,1327.626,125.55,78.65,177.52599999999998,136.05599999999998,1803.5700000000002
655,6388300,90.43,45000000,52.62,13324800,91.25,6296300,118.0,6346000,1322.48,10553800,124.0,9531100,72.5,38855500,165.5,3768600,133.95,2609200,1774.13,88.81599999999999,44.026,92.6,130.1,1321.408,125.6,78.1,176.486,135.594,1789.614
656,3246700,91.68,21698200,56.89,18881900,89.5,13021700,113.5,4825500,1327.8,7838900,125.0,16684900,69.5,35103000,167.98,2997200,136.69,2583000,1761.36,88.816,46.096,91.55,124.0,1316.968,125.6,77.0,174.04399999999998,135.046,1774.2980000000002
657,4358300,92.68,4906000,55.31,15370900,89.0,16615800,110.75,7032500,1292.28,9685900,130.75,16570300,70.0,21873500,164.59,4259300,137.12,4100000,1779.23,89.36800000000001,49.2,90.8,117.3,1317.856,125.35,74.75,171.692,134.95999999999998,1764.086
658,5566100,89.92,2447800,57.56,15087000,89.0,9610900,113.0,4052200,1280.73,6391400,128.0,30180100,68.0,18030300,165.5,2882900,135.68,2459700,1773.27,90.22200000000001,51.852,90.65,116.15,1316.08,125.9,72.95,168.254,135.132,1768.6799999999998
659,5965800,87.91,3586100,55.99,20835700,86.0,11214400,112.5,5334800,1259.42,9066000,127.0,10817500,68.0,18752800,165.95,1565600,133.81,2499300,1750.3,90.624,54.73,90.15,115.15,1312.35,126.4,71.25,166.49200000000002,135.594,1775.8260000000002
660,4858200,84.9,3329900,55.54,23755300,83.75,7743200,115.25,4336900,1217.67,18999300,127.0,10179500,65.0,17267800,167.98,2037100,132.8,2162100,1749.45,90.524,55.674,88.95,113.55,1296.542,126.95,69.6,165.904,135.45,1767.658
661,4648200,84.4,44417100,57.56,23011300,81.25,15117900,116.5,6563400,1199.02,14978400,125.25,7933200,62.0,22015800,169.11,5905700,132.8,2539400,1730.73,89.418,56.258,87.45,113.0,1275.58,127.55,68.1,166.4,135.21999999999997,1762.7220000000002
662,4164800,84.15,22082800,59.81,36223100,77.75,9694200,113.25,7929600,1191.92,17265500,117.5,10559800,65.0,18044400,168.21,5768300,125.86,3888100,1691.59,87.96199999999999,56.39200000000001,85.8,113.6,1249.824,127.6,66.6,166.626,134.442,1756.596
663,5705500,81.88,35881400,59.36,37660200,78.5,17251700,106.75,9543500,1172.38,13582800,113.25,11823800,62.5,21417400,163.69,6182000,125.14,4162600,1643.94,86.256,57.29200000000001,83.55,114.1,1229.752,124.95,65.6,167.35,132.19,1739.068
664,6182900,81.14,22922300,62.51,48512500,81.0,19989600,101.5,8745500,1179.48,20867500,114.0,7535100,62.25,23258900,160.98,5553600,123.7,5058500,1615.86,84.648,57.652,81.45,112.85,1208.082,122.0,64.5,166.988,130.082,1713.202
665,11336900,79.63,12164500,59.81,44942400,76.75,0,101.5,12078300,1159.94,15790500,113.75,14871400,62.25,30444500,152.38,5414000,119.66,6503700,1548.64,83.29400000000001,58.955999999999996,80.45,110.65,1192.0939999999998,119.4,63.35,165.994,128.06,1686.3140000000003
666,8594400,79.38,15364600,56.66,28961400,74.75,11962200,99.5,10203500,1150.17,30874100,110.75,14536000,64.75,30917000,151.93,5621400,115.33,4213000,1562.25,82.24,59.81,79.05,107.9,1180.548,116.75,62.8,162.874,125.43199999999999,1646.152
667,8384200,78.62,21377200,52.84,36688800,74.75,15965500,101.5,10709400,1154.61,18975900,105.5,16396800,64.25,40367600,148.09,4376900,115.47,6967900,1635.43,81.236,59.629999999999995,77.75,104.5,1170.778,113.85,63.35,159.43800000000002,121.93800000000002,1612.456
668,6035500,77.87,10441200,51.27,25730900,77.25,15157300,107.5,8413000,1192.8,14638100,118.0,11400500,67.25,36849100,149.44,4128300,113.6,11358700,1768.17,80.13,58.236000000000004,77.15,102.15,1163.316,111.45,63.2,155.41400000000002,119.85999999999999,1601.2240000000002
669,6394000,82.64,11543700,49.92,28102700,75.25,12881600,103.25,6655300,1189.25,24734700,118.25,9679500,63.0,31601900,149.67,4825600,117.2,6472000,1748.6,79.328,56.617999999999995,76.9,102.3,1167.4,112.4,64.15,152.564,117.55199999999999,1626.0700000000002
670,5034400,80.63,20880400,51.94,38075000,80.5,16021000,104.5,7268500,1260.3,8400100,112.25,7479300,65.0,22674500,155.32,5262900,115.18,3341700,1777.53,79.628,54.1,75.75,102.65,1169.354,113.25,64.3,150.30199999999996,116.25200000000002,1652.618
671,5116700,87.16,8462800,49.92,34935900,73.75,7700800,101.5,6468600,1230.11,9904800,113.75,9690800,63.25,21086400,152.16,4267800,116.92,3848200,1732.43,79.828,52.525999999999996,76.5,103.25,1189.426,112.95,64.85,150.89000000000001,115.356,1698.3960000000002
672,4404800,85.15,8168800,51.94,21954200,77.0,9538800,103.0,5167500,1278.96,9427300,117.75,12281500,62.75,18600800,157.36,4220200,113.89,3986200,1759.66,81.38399999999999,51.17800000000001,76.3,103.65,1205.414,113.55,64.55,150.93599999999998,115.674,1732.432
673,11361000,88.92,41381100,57.11,26199000,74.0,9944100,100.0,9795900,1221.23,9493200,114.0,9773500,60.5,25060700,157.36,10914900,117.78,4002900,1751.15,82.68999999999998,50.998000000000005,76.75,103.95,1230.284,116.0,64.25,152.79000000000002,115.35800000000002,1757.2780000000002
674,6321300,85.66,17059000,58.24,24391400,74.0,9308800,101.25,5706600,1243.43,7654700,113.5,13594300,62.0,16844000,155.55,10703100,109.7,3035800,1749.45,84.9,52.166,76.1,102.45,1235.97,115.2,62.9,154.374,116.194,1753.8740000000003
675,6714600,86.15,18933300,57.79,16279800,72.0,5876600,100.25,5905900,1223.0,10406300,113.5,7312800,60.75,15449400,153.29,10129200,105.66,3724700,1760.51,85.50399999999999,53.830000000000005,75.85,102.05,1246.806,114.25,62.7,155.55,114.694,1754.0440000000003
676,7707700,86.15,4871300,59.81,25336500,74.75,6378900,100.0,6045700,1277.18,9605700,110.0,9227100,59.0,12613400,156.91,7041700,106.09,2779600,1816.67,86.60799999999999,55.0,74.15,101.2,1239.346,114.5,61.85,155.144,112.79,1750.6399999999999
677,5606400,88.16,7403300,60.26,27782300,71.25,15601700,93.75,6258000,1286.95,9388600,112.75,5823200,60.5,9773500,154.19,3985200,104.5,2697600,1797.1,86.40599999999999,56.977999999999994,74.35,100.9,1248.76,113.75,61.0,156.094,110.624,1767.488
678,9573000,86.91,8047900,59.36,23193400,72.5,13430900,93.25,8547100,1319.81,7178000,116.0,12005200,61.75,10525400,153.74,5604800,100.89,3055000,1765.62,87.008,58.641999999999996,73.2,99.05,1250.358,112.75,60.55,155.45999999999998,108.74600000000001,1774.976
679,5038100,85.4,6316900,57.34,33549700,74.25,13966600,94.0,7050200,1282.51,13258900,110.5,14666100,62.25,11801600,152.38,6929000,101.76,3100000,1789.44,86.606,59.092,72.9,97.7,1270.074,113.15,60.8,154.73600000000002,105.36800000000001,1777.8699999999997
680,4002600,86.4,3592800,57.56,26456300,76.25,7337600,95.0,3657000,1310.93,10809900,110.25,8300700,61.25,11195700,155.32,2835500,98.01,1896500,1823.48,86.554,58.91199999999999,72.95,96.25,1277.89,112.55,60.85,154.102,103.78,1785.868
681,5558800,89.67,6958400,58.01,23364700,77.25,8192500,97.25,5764000,1307.38,13019100,115.0,8549000,59.0,16561500,152.61,3832400,101.47,2669000,1862.62,86.604,58.86600000000001,73.8,95.2,1295.476,111.9,60.95,154.50799999999998,102.25,1798.462
682,5699700,87.91,7633400,56.89,26481100,74.25,5146500,95.25,4567500,1282.51,56943000,119.75,8504400,55.75,20266700,147.41,5066300,98.44,2820200,1866.97,87.308,58.50600000000001,74.3,94.65,1301.516,112.9,60.95,153.648,101.326,1807.6519999999996
683,8954300,87.42,6326200,57.56,23497500,75.5,4497900,96.25,4148500,1289.61,22605300,116.25,14350900,57.0,15987200,150.12,7783200,98.01,2331600,1873.92,87.25800000000001,57.831999999999994,74.9,94.95,1300.6280000000002,114.3,60.0,152.29199999999997,100.114,1821.6259999999997
684,4647500,85.91,3300300,56.66,18343900,73.25,12811600,99.25,6388600,1265.63,13406800,128.0,8900200,53.0,20352400,151.93,6291100,95.26,3399500,1897.4,87.36,57.472,75.5,95.55,1294.588,114.35,59.05,151.568,99.538,1843.286
685,3564900,89.92,7515800,57.11,17286700,74.25,9386500,97.25,3438500,1265.63,12107500,126.25,13916700,52.0,12440700,148.31,7185900,94.11,1906000,1848.71,87.46200000000002,57.33599999999999,75.3,96.6,1291.212,117.85,57.2,151.478,98.238,1864.878
686,6487900,90.17,7954700,53.74,57855800,66.0,7567500,94.0,5810000,1252.31,11017100,121.5,13235400,51.5,19515400,146.28,7154700,90.65,3804300,1786.97,88.166,57.246,74.9,97.05,1282.152,121.05,55.35,150.07599999999996,97.458,1869.9239999999998
687,5445700,86.66,8206900,53.96,44838000,70.5,7094400,91.25,4423600,1242.54,18760700,116.5,8856000,54.25,12734500,144.24,6155400,85.6,3485600,1765.23,88.266,56.39200000000001,72.65,96.4,1271.1380000000001,122.35,53.85,148.81,95.29400000000001,1854.7940000000003
688,13108500,87.91,4791400,53.07,85258900,74.25,6406300,91.25,8857800,1238.1,12531100,112.0,10436200,56.0,16137100,145.6,10242500,84.73,5291900,1721.75,88.016,55.806,71.9,95.6,1263.144,121.7,53.55,148.176,92.726,1834.4460000000004
689,15761200,84.15,2370100,53.96,39908900,74.75,14940400,92.0,5584900,1290.5,9838600,107.75,6656100,53.5,18219500,146.51,6850900,85.16,4351700,1780.88,88.11399999999999,54.908,71.65,94.6,1252.842,120.85,53.35,147.272,90.07000000000001,1804.012
690,7842700,83.39,12230400,56.89,15755500,73.5,6273800,91.5,4865000,1293.17,10175100,104.0,6544600,52.0,16912100,146.96,4006700,87.76,2382600,1814.79,87.76199999999999,54.367999999999995,71.95,93.15,1257.816,116.8,53.45,146.18800000000002,88.05,1780.708
691,5662200,81.63,4699000,56.44,20355900,71.0,8714200,90.0,5278100,1249.65,7287500,110.0,4996500,52.25,9442600,143.79,3887400,90.65,2894200,1798.27,86.45599999999999,54.324,71.8,92.0,1263.324,112.35,53.45,145.918,86.78,1773.9239999999998
692,3780000,81.63,14860000,53.29,17899100,68.25,17191500,85.5,6858000,1220.34,19434900,111.5,9493400,52.0,11862000,145.6,5869900,89.06,2618800,1759.14,84.748,54.864,72.8,91.2,1262.792,110.05,53.6,145.42000000000002,86.78,1776.184
693,20170100,80.88,7400200,52.17,25830100,69.25,10993900,84.5,7270500,1243.43,12650900,112.0,9597700,51.0,13332400,145.15,5582300,88.91,2323300,1760.01,83.74199999999999,54.730000000000004,72.35,90.05,1258.352,109.05,53.15,145.692,87.472,1774.966
694,14905900,74.61,3912600,52.17,15929100,66.0,14425600,81.5,7152500,1215.01,11345800,116.0,13566400,49.0,21794000,147.86,5186000,86.68,3607100,1741.75,82.336,54.55,71.35,88.7,1259.4180000000001,109.05,52.15,145.602,88.30800000000002,1782.618
695,11686300,70.33,4750900,51.49,20306500,62.75,12284200,83.5,5657200,1172.38,7774000,113.5,9648000,45.5,20330900,145.15,2777800,84.15,4503100,1708.71,80.428,54.19200000000001,69.6,86.6,1244.3200000000002,110.7,51.25,145.872,88.612,1774.792
696,10145600,73.85,4829200,51.94,24531300,65.25,13579000,83.75,6978700,1201.69,5621300,116.0,20657200,51.0,23743900,149.22,7712100,84.15,4726700,1652.18,77.816,53.112,67.45,85.0,1220.162,112.6,49.95,145.51,87.89000000000001,1753.5760000000002
697,11617000,77.11,9287700,52.84,30587700,60.0,12578600,79.25,12844000,1124.42,12450200,113.25,10979000,53.25,23336600,147.41,7779700,78.5,7086300,1588.7,76.25999999999999,52.212,66.3,83.75,1210.5700000000002,113.8,49.7,146.596,86.58999999999999,1724.3579999999997
698,5871200,72.34,7914400,52.17,33653600,64.75,14185300,83.75,11080200,1203.5,7412400,114.5,15449600,55.0,20013800,155.55,8258000,74.34,4456200,1680.01,75.356,52.122,64.65,82.5,1191.386,114.15,49.95,146.958,84.478,1690.27
699,8055100,77.36,13703000,55.76,36106400,67.5,10450300,86.0,9513700,1245.32,7790400,106.5,12488500,61.75,17223000,156.91,6199000,77.91,4844000,1737.4,73.648,52.122,63.75,82.35,1183.4,114.65,50.75,149.038,81.56400000000001,1674.27
700,7215000,77.87,6527300,56.21,33380800,72.75,9097400,90.0,7979400,1298.95,9954800,116.0,9030900,65.0,23170000,155.1,4778100,82.22,5041100,1808.71,74.19800000000001,52.839999999999996,64.05,83.25,1189.462,112.75,53.3,150.84799999999998,79.80999999999999,1673.4
701,7665000,81.14,10871900,55.31,39246000,75.75,14007800,91.75,10064100,1291.68,15167200,121.0,20582600,62.75,31137700,160.52,12332200,85.04,4720500,1820.88,75.70599999999999,53.78399999999999,66.05,84.55,1214.776,113.25,57.2,152.83800000000002,79.424,1693.4
702,9199100,81.63,9008200,54.19,30529900,78.0,18298000,94.5,8835600,1327.13,9732000,130.0,18167400,65.5,23917400,169.11,9202800,94.56,5386500,1886.97,77.164,54.458000000000006,68.15,86.15,1232.774,114.25,59.55,155.098,79.602,1727.14
703,3093200,82.64,8216300,55.76,17774500,77.25,8741700,93.0,5748500,1338.03,4165000,129.75,11153000,59.75,26683200,167.53,4108700,91.44,5301800,1920.01,78.068,54.727999999999994,71.75,89.2,1273.316,117.6,62.0,159.43800000000002,82.814,1786.7939999999999
704,7203100,82.9,32181300,53.52,24349100,82.75,8572000,95.25,8093400,1385.3,7519100,132.0,9346400,62.25,18673500,169.11,6990800,92.62,4116000,1966.97,80.128,55.446000000000005,74.25,91.05,1300.222,120.65,62.95,161.834,86.23400000000001,1834.7939999999999
705,5552300,87.42,17154500,53.96,16616600,77.0,4677600,92.75,6275600,1335.31,11611900,129.75,12007000,63.25,11477500,164.59,3272400,96.64,3549200,1917.4,81.23599999999999,54.998000000000005,77.3,92.9,1328.218,125.75,63.05,164.274,89.176,1880.708
706,5165500,79.63,63424400,65.88,22695000,76.25,9091300,90.5,8136700,1316.22,13827800,129.75,11519100,60.75,15486000,164.59,75342000,91.29,4002300,1940.01,83.14599999999999,54.548,78.15,93.45,1335.4900000000002,128.5,62.7,166.172,92.06,1902.4460000000004
707,7081000,79.87,25371700,63.86,14142300,76.5,7926800,90.0,7466000,1336.22,10166700,124.75,4627400,59.5,12377100,169.34,28175300,92.99,3387100,1972.19,82.844,56.662,78.25,93.2,1340.3980000000001,130.25,62.3,166.98600000000002,93.31,1926.2720000000002
708,4189900,82.14,12538000,63.41,8037900,75.0,7160400,90.0,5352900,1323.49,13032800,122.0,4808300,57.0,10584600,163.01,12672900,98.09,4350500,1933.05,82.492,58.596000000000004,77.95,92.3,1342.216,129.2,61.1,167.032,92.99600000000001,1943.316
709,6378200,81.38,3128700,65.21,8953400,74.0,8099200,92.5,5277900,1332.58,5771400,117.5,9383500,60.0,9147900,164.82,13171500,96.15,3310300,1912.18,82.392,60.126,77.5,91.7,1339.308,127.65,60.55,166.12800000000001,94.326,1945.9239999999998
710,5885600,79.87,7607700,62.06,21721800,69.5,10634200,85.5,6179600,1295.31,9318800,112.25,10161600,66.0,12252100,161.2,7840300,89.35,5076700,1875.66,82.088,62.464,75.75,91.15,1328.764,124.75,60.1,165.26999999999998,95.032,1934.966
711,6394100,76.11,6616100,63.86,17570400,71.75,9820200,85.5,5901900,1322.58,11925200,113.0,13580300,64.5,14891800,159.17,9150600,87.41,3247100,1926.97,80.578,64.084,74.25,89.7,1320.764,121.25,60.65,164.592,93.574,1926.618
712,6784800,81.14,20838400,71.5,28923800,74.25,9760200,86.5,6106100,1360.76,9293200,112.0,16135800,64.25,17256300,164.37,12400900,93.48,4597600,1969.58,79.874,63.67999999999999,73.35,88.7,1322.036,117.9,61.4,163.50799999999998,92.798,1924.0099999999998
713,7120600,85.66,21948000,71.05,23171800,72.75,13328100,86.75,7365700,1388.03,8004500,115.5,13381800,67.25,16138400,166.63,10132500,96.15,5777900,1904.36,80.128,65.208,72.9,88.0,1326.944,115.35,62.35,162.51399999999998,92.896,1923.488
714,6423300,83.14,7526900,71.73,20742100,76.25,19105300,90.0,6137800,1423.48,8267100,120.5,7826800,64.5,10811300,169.57,6874000,97.36,4285900,1940.88,80.832,66.736,72.45,87.35,1339.8519999999999,114.05,64.4,163.238,92.508,1917.75
715,7665100,83.9,6771600,75.33,21668100,81.0,16000700,94.75,7142600,1465.29,11693900,124.0,13211600,63.75,22639100,171.15,10688300,102.95,4280300,2046.97,81.184,68.04,72.9,86.85,1358.032,114.65,65.3,164.18800000000002,92.75,1923.4900000000002
716,5735000,88.92,5110900,73.75,23022100,77.5,9768400,92.25,8376700,1461.66,11354200,127.0,16558000,61.75,24402800,178.38,6099500,101.25,3985600,2008.71,81.99000000000001,70.694,75.2,88.7,1392.028,117.0,64.85,166.178,95.47,1957.752
717,6494000,86.15,8174400,71.73,26451700,75.0,9050100,92.75,9281500,1479.84,5617000,130.75,4648800,63.75,21742400,180.42,22375200,104.65,3087200,2002.62,84.552,72.672,76.35,90.05,1419.844,119.8,64.3,170.02,98.238,1974.1
718,3914000,86.66,3263600,71.28,20778500,73.0,4049600,92.0,7321500,1445.3,3224200,121.75,4577500,64.25,19378600,177.03,7552500,104.89,2956300,1926.97,85.554,72.718,76.5,91.3,1443.66,123.55,64.2,173.23,100.47200000000001,1980.708
719,4912600,86.66,2976400,71.5,15013300,73.5,6087800,92.0,7277300,1418.03,8290300,122.25,7541000,66.25,18555700,179.74,10498100,109.74,3852700,1900.01,85.75399999999999,72.76400000000001,76.55,92.35,1455.114,124.8,63.6,175.31,102.22,1985.23
720,4989200,88.67,2458600,71.95,13598900,75.0,3613300,92.0,7308300,1420.75,5780900,119.5,10835600,66.25,10107800,183.36,5976700,112.9,1796100,1941.75,86.458,72.718,76.0,92.75,1454.024,125.15,63.95,177.344,104.696,1977.056
721,5053500,90.68,5299300,72.4,22038100,79.25,10002000,94.5,8562400,1476.2,6546800,122.0,11353800,66.75,18402300,183.81,8869500,114.11,3384400,1982.62,87.412,72.042,74.8,92.2,1445.116,124.25,64.45,179.786,106.686,1956.0120000000002
722,4513500,92.93,5752000,72.85,27105000,75.25,7925400,93.0,8662000,1453.48,8205500,123.5,12631600,66.75,19865200,176.95,9752200,112.66,4471800,1911.32,87.76400000000001,71.772,75.15,92.65,1448.024,123.25,65.45,180.872,109.25800000000001,1950.7940000000003
723,6212300,89.92,8375400,71.05,13661500,76.25,5619500,94.25,5946800,1464.38,7782800,126.5,3554800,66.75,18831100,178.8,3348400,114.84,3163000,1924.36,89.12,71.99600000000001,75.2,92.7,1442.752,121.8,66.05,180.17800000000003,110.85999999999999,1932.534
724,2270200,90.68,5964800,72.85,9127200,77.25,5883600,96.75,4820200,1471.66,7159900,119.25,4674600,67.0,12901600,181.11,6209000,118.73,1822400,1950.45,89.772,71.95,75.85,93.15,1446.5679999999998,122.75,66.55,180.532,112.85,1932.012
725,4440700,90.68,8739100,75.1,28928800,79.5,7690200,101.0,6744200,1486.2,10072000,119.25,15455900,66.5,19558800,183.65,16299000,124.31,4040700,2024.36,90.57600000000001,72.22,76.6,94.1,1457.294,122.15,66.7,180.806,114.648,1942.1
726,4748400,91.93,9028800,71.95,24260300,75.0,10716300,100.0,5807300,1474.38,8969000,120.0,11128900,68.5,15483900,175.57,11590600,121.4,5780400,2046.97,90.97800000000001,72.85,77.5,95.9,1470.384,122.1,66.75,180.86399999999998,116.93000000000002,1958.6219999999998
727,2782400,91.43,5025700,69.93,23926800,72.5,28549600,111.0,5737000,1465.29,4694800,124.0,7932700,69.0,11750200,179.26,11222600,119.94,5022100,2070.45,91.22800000000001,72.75999999999999,76.65,97.0,1470.02,121.7,67.1,179.21599999999998,118.388,1971.4919999999997
728,2332700,90.17,5562000,68.81,13334300,76.25,21714100,111.5,5329500,1502.56,5592600,122.25,5027000,68.25,7733900,179.26,5150500,121.64,4150600,2107.84,90.92800000000001,72.176,76.1,100.6,1472.382,121.8,67.55,179.67800000000003,119.84400000000001,2003.318
729,4271300,91.93,5335700,69.03,31943700,76.75,11843600,108.75,5462200,1494.38,16684100,121.25,6203000,66.75,10541800,181.11,6306300,124.8,4206200,2066.1,90.97800000000001,71.728,76.1,104.05,1480.018,120.95,67.85,179.76999999999998,121.20400000000002,2040.014
730,7273400,92.68,10024900,67.68,42166800,77.5,9349200,111.25,6352100,1491.65,13168100,124.5,10079400,67.5,11122500,182.96,6639400,126.01,10773400,2134.79,91.22800000000001,70.96400000000001,76.0,106.45,1484.5620000000001,121.35,67.8,179.77,122.41799999999998,2063.144
731,861100,92.19,8298600,64.31,14563100,75.5,2280200,109.0,3459800,1469.84,4898300,133.5,2579300,67.5,3697800,179.26,12008000,117.27,3506100,2139.14,91.62800000000001,69.48,75.6,108.5,1485.652,122.4,68.0,179.632,122.75800000000001,2085.2300000000005
732,3567900,89.41,9863300,67.01,18236100,78.5,6979800,114.5,4776000,1477.11,20058200,127.0,11985200,68.5,9710000,182.96,7431400,122.37,6088800,2180.88,91.68,67.95200000000001,75.7,110.3,1484.744,125.1,67.8,180.37,121.93199999999999,2103.6639999999998
733,4558100,91.43,10377900,71.95,24026700,81.0,10147000,117.0,5801500,1487.11,10616100,124.0,6404500,67.25,14195900,187.81,5281600,124.31,10425200,2226.1,91.276,67.36800000000001,76.9,111.0,1487.108,125.7,67.7,181.11,122.41799999999998,2125.75
734,3840000,92.93,9570300,73.53,36545300,82.25,11367800,116.25,5665400,1477.11,11141600,124.0,14044500,68.25,12137900,182.96,5918500,124.8,4952200,2204.36,91.528,67.99600000000001,77.85,112.1,1484.0179999999998,126.05,67.5,182.82000000000002,122.952,2149.402
735,4305300,93.19,9176400,71.73,17453800,80.0,8170300,114.5,5964100,1460.75,18260400,127.75,14210000,67.5,9034800,180.42,6938800,123.34,4368400,2166.1,91.728,68.896,78.95,113.6,1480.5639999999999,126.6,67.8,183.19,122.952,2177.054
736,2759200,90.17,6761600,71.73,17081200,80.0,8353300,114.25,5186300,1487.11,11981800,131.25,4227100,66.0,9935000,181.57,5939800,123.1,4130900,2165.23,91.83,69.70599999999999,79.45,114.25,1474.3839999999998,127.25,67.8,182.682,122.418,2183.3160000000003
737,2764200,93.19,6245900,73.53,11778700,80.0,10946800,120.5,3306700,1479.84,9537300,128.5,8322100,66.5,11539700,184.11,4330400,124.31,3191800,2196.53,91.426,71.19000000000001,80.35,115.3,1477.838,126.8,67.5,183.144,123.58400000000002,2188.534
738,3227100,92.93,6357500,73.75,19073000,78.75,15522600,124.0,5521900,1473.47,13485000,134.75,13172800,69.0,12267100,181.8,9750700,128.68,3263800,2232.19,92.182,72.494,80.65,116.5,1478.3839999999998,127.1,67.1,183.374,123.97200000000002,2191.6639999999998
739,5236900,93.95,11330800,75.1,21012900,79.0,11799300,120.75,7970500,1453.48,11753500,132.25,13391100,75.0,21148200,184.11,8852500,133.54,5500000,2245.23,92.482,72.854,80.2,117.9,1475.656,129.25,67.45,182.17200000000003,124.846,2192.8820000000005
740,5809200,92.93,21487200,80.72,53136400,86.0,11214500,121.5,4714600,1467.11,9303300,132.25,10389800,71.75,13359100,188.04,11955900,139.85,4275700,2278.27,92.686,73.168,79.55,118.8,1470.9299999999998,130.9,68.8,182.40200000000002,126.59400000000001,2201.056
741,9151100,89.18,39060200,84.99,64555400,89.0,8168100,125.0,6494400,1468.02,8663600,131.0,19630200,78.5,24055600,195.9,8812300,140.82,5150800,2326.97,92.634,74.96600000000001,80.75,120.2,1472.2019999999998,131.8,69.65,183.926,129.89600000000002,2223.4900000000002
742,5708100,89.92,7161100,83.2,30679000,83.75,8032900,118.75,7272300,1445.3,15521200,133.5,18904500,74.75,21824100,190.81,6395100,134.27,5756700,2217.4,92.436,77.61800000000001,82.55,122.35,1468.384,131.75,72.15,186.79199999999997,133.44,2255.838
743,8527200,84.9,12846700,83.42,38091300,88.0,13664600,118.0,7518500,1434.39,12936700,135.5,34100600,81.75,17740100,194.97,3611100,134.51,6252500,2181.75,91.78200000000001,79.55199999999999,83.3,122.0,1461.476,132.75,73.8,188.132,135.43200000000002,2260.0119999999997
744,4688700,85.91,9849700,85.22,25268400,85.25,9129000,117.5,6408600,1427.12,6379600,130.5,31185600,80.25,19646200,186.89,7990500,133.54,4426800,2129.58,90.176,81.486,85.15,120.8,1453.6600000000003,132.9,76.35,190.766,136.598,2249.924
745,5069300,82.9,14709000,85.67,25057200,86.0,7048400,117.0,5558100,1431.66,11697600,126.5,22958000,80.25,14960000,188.97,7191900,130.38,3781400,2181.75,88.56800000000001,83.50999999999999,86.4,120.15,1448.3880000000001,132.55,77.4,191.322,136.59799999999998,2226.794
746,4705100,82.64,6293100,84.32,22227200,84.5,8273900,114.25,5778200,1408.94,4087800,124.0,9592500,83.0,17034000,186.43,3921400,133.05,3428300,2146.1,86.56199999999998,84.50000000000001,86.4,119.25,1441.298,131.4,79.1,191.508,134.704,2207.4900000000002
747,6327000,81.38,5291400,82.52,21358000,84.25,15837000,111.0,5230900,1417.12,5714200,128.5,6372700,87.75,12481900,188.27,2930400,133.54,2524500,2175.66,85.25399999999999,84.366,85.5,117.1,1429.482,130.0,80.0,189.61399999999998,133.15,2171.316
748,11313400,80.38,12721600,88.14,25792400,85.5,12392900,112.5,5727900,1445.3,9160700,128.5,10852000,88.5,15048500,192.66,6409400,136.45,3998200,2199.14,83.546,84.22999999999999,85.6,115.55,1423.846,129.0,82.6,189.106,133.004,2162.968
749,6493700,82.9,9016200,92.41,15593900,86.5,4984200,113.0,4189000,1466.2,10435800,126.75,8061800,90.0,12903800,191.97,6487600,132.57,3061600,2180.01,82.642,85.17399999999999,85.1,114.45,1426.0279999999998,127.6,83.95,188.64399999999998,133.392,2166.446
750,11230300,84.15,15260500,92.19,22193500,86.25,6500700,115.5,5593800,1440.75,19205200,128.0,15914900,86.5,11321100,188.74,7306500,132.08,3753900,2150.45,82.04,86.612,85.35,113.55,1433.844,126.85,85.9,189.66,133.198,2176.532
751,6518800,87.91,12468000,88.14,14927800,90.5,6989700,112.0,5092000,1468.93,15634400,126.75,10853300,84.5,19146000,193.36,6090600,135.97,3919300,2186.97,82.28999999999999,87.916,85.4,113.25,1435.6619999999998,127.15,87.15,189.614,133.538,2170.272
752,3420800,87.67,12836600,87.02,12596100,88.0,12299100,109.5,6540200,1469.84,6004500,129.5,12776200,85.75,26599100,199.13,5381800,134.51,2834600,2187.84,83.34400000000001,88.67999999999999,86.6,112.8,1447.66,127.7,87.45,191.0,134.122,2178.4459999999995
753,7759700,85.91,125572600,93.09,15467700,87.25,6431700,108.5,5164300,1469.84,5540400,135.0,14311000,90.0,15228000,199.82,5006200,135.72,2749700,2201.75,84.602,89.58,87.35,112.5,1458.2040000000002,127.9,87.05,193.172,134.316,2180.882
754,5099500,88.67,27315100,92.41,17797300,86.25,9377100,109.75,6788800,1468.02,24329800,132.75,11423000,88.25,12241200,198.67,2065400,135.72,3830600,2234.8,85.708,90.57000000000001,87.7,111.7,1463.112,129.2,87.35,194.60399999999998,134.17000000000002,2181.404
755,4622900,85.91,18537500,90.84,19530000,86.0,7698200,114.25,8156800,1475.29,13332500,133.0,14037500,87.25,11910500,197.74,7938500,143.98,5887100,2342.62,86.862,90.56999999999998,87.65,111.05,1463.476,130.4,87.0,195.944,134.8,2192.362
756,5148000,88.41,12422300,89.49,15046200,86.0,3802900,114.0,3580100,1478.02,23748200,145.0,5334100,84.0,6524000,195.9,4038100,143.25,2625000,2292.19,87.21400000000001,90.3,87.6,110.8,1470.3839999999998,131.4,87.15,197.74399999999997,137.18,2230.796
757,3667000,89.18,40257100,90.17,10207200,85.25,7612000,109.75,4973800,1473.47,13968100,148.0,6318800,85.75,9989100,195.2,2804500,140.82,2440700,2310.45,87.314,90.57000000000001,86.7,111.2,1472.202,135.05,87.05,198.252,138.63600000000002,2251.84
758,4038000,88.67,16713000,93.76,11677500,86.5,7384700,110.0,18097300,1565.28,15717700,154.0,8747800,83.0,14887900,195.9,5974800,137.91,3405200,2313.06,87.616,91.20000000000002,86.15,111.25,1472.928,138.75,87.05,197.46599999999998,139.898,2276.362
759,4884300,87.67,18804900,97.14,21201100,87.75,10045200,109.75,8110500,1578.01,8317900,147.0,17723300,84.75,21604600,189.43,3537000,138.39,2728000,2306.1,88.168,91.334,86.0,111.55,1492.016,142.55,85.65,196.682,140.33599999999998,2298.6240000000003
760,1886600,88.41,5475700,93.99,21661400,88.0,5457100,109.25,5042700,1577.1,6086500,143.75,13363500,86.0,17878600,195.43,2851600,135.0,2175100,2286.97,87.968,92.28,86.3,111.55,1514.014,145.4,84.95,194.83399999999997,140.87,2312.884
761,1932500,88.92,88021100,88.37,19024700,89.5,8943900,107.75,4142500,1589.82,8791900,142.0,8805400,86.5,9618800,194.51,4085000,135.97,2421600,2289.58,88.468,92.91,86.7,110.55,1534.3759999999997,147.55,84.7,194.372,139.074,2301.754
762,3274700,88.92,46951000,91.52,26767800,91.0,24543800,112.0,7306800,1599.82,10494600,141.25,11621600,84.5,18102500,200.52,6611600,134.02,4008600,2321.75,88.57000000000002,92.686,87.4,109.3,1556.736,146.95,85.2,194.094,137.618,2301.232
763,4580000,91.17,15386100,90.39,24850300,94.0,21264300,114.5,6086100,1612.55,9097200,139.5,8017900,85.0,11795000,196.82,8971200,131.6,4905000,2344.36,88.518,92.95599999999999,88.55,109.75,1582.0059999999999,145.6,84.95,195.158,136.25799999999998,2303.4919999999997
764,10405700,92.93,21542500,91.29,20485700,91.0,19498100,116.75,4831800,1578.01,7562200,143.75,13550400,84.75,14139600,192.2,5530400,126.74,4138300,2269.58,89.018,92.282,90.05,110.65,1591.4599999999998,142.7,85.35,195.342,134.996,2309.752
765,3026700,92.19,22491000,94.89,10214500,90.25,11272800,116.25,5042600,1592.55,9685100,143.0,9230800,85.5,10191800,194.05,7270200,127.23,4066900,2230.45,90.07000000000001,91.112,90.7,112.05,1591.46,142.05,85.35,195.89600000000002,132.666,2302.448
766,4772200,92.44,13445600,94.89,12350500,88.0,5528200,112.5,6574600,1558.01,7439600,137.75,7239300,85.25,8718100,193.12,6555900,120.18,3848000,2180.01,90.826,91.292,91.15,113.45,1594.55,141.9,85.25,195.61999999999998,131.11200000000002,2291.1440000000002
767,3588800,90.94,14983700,91.74,24663500,87.0,8413000,111.75,5397600,1547.1,7346900,138.5,10925300,87.5,13602500,195.43,4619700,118.73,2926800,2165.23,91.53,92.59599999999999,90.85,114.4,1588.188,141.05,85.0,195.34199999999998,127.954,2269.23
768,4461900,91.43,22860200,98.04,12515400,86.5,59736900,131.5,4837400,1548.01,12686000,135.0,13985300,91.25,15892600,198.67,4380000,118.73,3071400,2152.19,91.934,92.64,90.05,114.35,1577.6439999999998,140.5,85.6,194.32399999999998,124.896,2237.9260000000004
769,5152100,89.92,15520600,98.94,12457100,84.5,23551100,129.25,7094800,1548.92,8375000,135.0,15450600,91.0,15362300,200.75,8294000,118.49,3489200,2125.23,91.986,94.17,88.55,117.75,1564.736,139.6,86.85,194.694,122.322,2199.492
770,1809100,87.42,24528500,103.88,10928700,85.25,16286100,132.75,6612600,1545.28,7874600,140.0,20489900,88.0,17467300,202.36,5309700,118.49,2434800,2158.27,91.384,95.7,87.25,120.25,1558.9180000000001,137.85,88.1,196.404,120.672,2170.6220000000003
771,3132500,88.41,13074100,101.63,8644200,84.0,5658800,132.0,8649200,1545.28,7782200,138.0,11711500,91.25,22560100,202.6,8983500,119.21,3302300,2113.06,90.43,97.498,86.25,123.55,1549.464,137.25,88.6,198.066,118.924,2156.186
772,5729500,87.91,13019400,98.71,21751200,81.75,13040000,127.25,7555200,1512.56,13267200,143.0,15218200,90.0,15462800,199.36,7929000,118.49,4325400,2060.88,89.624,98.846,85.45,127.45,1546.918,137.3,89.8,199.96200000000002,118.72999999999999,2142.796
773,2667400,88.41,8309200,98.04,11249800,84.25,12990200,128.75,6866200,1562.55,11436200,142.5,11911400,90.25,15855200,198.67,7990000,121.16,3585000,2091.32,89.018,100.24,84.4,130.55,1540.0099999999998,138.2,90.3,200.748,118.68199999999999,2121.9260000000004
774,3392700,90.17,9599000,98.04,26018000,85.5,14049300,128.0,7976000,1540.74,8316600,137.25,19992700,91.25,15475500,199.36,4636000,121.64,6112600,2173.93,88.41399999999999,100.24,83.95,130.0,1542.918,139.7,90.1,200.748,119.168,2109.7519999999995
775,1826200,88.92,10509000,101.41,8930400,85.5,3831800,128.0,2945900,1533.47,8269500,142.5,12539100,94.25,4954500,200.05,1917300,120.18,2479200,2163.49,88.464,100.06,84.15,129.75,1541.282,140.15,90.15,200.47,119.798,2119.492
776,2073000,89.67,12774600,102.08,15793100,88.5,9279800,127.5,6256600,1537.1,11008200,144.5,16056700,96.0,11345500,198.67,18269400,130.63,3941800,2230.45,88.76400000000001,99.566,84.2,128.8,1538.92,140.65,91.4,200.00799999999998,120.13600000000001,2120.536
777,3402600,91.93,11875700,104.78,19829900,87.5,11328600,129.5,8243500,1528.01,14214100,145.75,10458700,94.0,17449200,197.74,6398100,130.87,7170000,2167.84,89.016,99.656,85.1,127.9,1537.284,141.95,92.35,199.222,122.41999999999999,2144.014
778,3333700,93.69,12715700,105.23,12459300,87.5,8068400,131.75,5669800,1530.74,24371900,145.0,11947100,93.0,16581900,194.05,7122100,130.38,7719500,2134.79,89.82000000000001,100.87,86.25,128.35,1540.3740000000003,142.5,93.15,198.89799999999997,124.896,2165.406
779,2699700,93.44,11524400,104.78,10332100,86.25,14819100,136.75,4721100,1528.92,14942500,146.75,11919200,96.0,13831100,194.05,1868300,130.14,7349100,2213.06,90.876,102.30799999999999,86.9,128.95,1534.012,143.0,93.7,197.97400000000002,126.74000000000001,2174.1
780,5801500,90.68,7541400,104.11,19236600,90.25,7738000,138.25,4035300,1536.19,8570400,146.0,11634400,96.5,26403300,198.44,2386000,131.11,3277200,2208.71,91.53,103.65599999999999,87.05,130.7,1531.648,144.9,94.65,196.91199999999998,128.44,2181.926
781,4244700,90.43,11289100,108.38,16799200,92.5,7305800,141.0,7197100,1572.55,14880100,145.0,10047400,97.5,12157100,203.29,3877300,131.84,5067600,2226.1,91.882,104.196,88.0,132.75,1532.1919999999998,145.6,95.1,196.59,130.626,2190.97
782,2260300,95.95,18367900,111.3,15919800,93.25,7720500,142.75,6082800,1572.55,15317100,146.5,7052800,95.0,13474900,200.05,4708300,132.32,6286000,2138.27,92.034,105.45599999999999,88.8,135.45,1539.2820000000002,145.7,95.4,197.51399999999998,130.868,2190.1000000000004
783,7215000,96.45,21647300,110.4,28941100,92.5,10041000,138.25,9732100,1598.91,15502500,147.75,8335500,92.75,13622500,196.36,3224200,130.87,3889800,2134.79,92.838,106.75999999999999,89.95,138.1,1548.19,145.85,95.6,197.97599999999997,131.158,2184.186
784,5914800,92.44,11893500,107.03,36675700,90.25,16381500,134.75,5443600,1574.37,5747200,149.25,13198600,93.5,11259300,196.82,4422200,126.74,3233000,2117.4,93.39,107.79400000000001,90.95,139.4,1561.824,146.4,95.55,198.438,131.25600000000003,2184.186
785,2293100,93.44,14823200,106.58,18679000,89.25,8196300,135.0,3525100,1570.74,8924300,146.0,15353500,92.5,10434900,200.52,9529300,134.02,1962600,2113.06,93.19,108.244,91.75,139.0,1570.914,146.9,95.05,198.99200000000002,130.57600000000002,2165.0539999999996
786,2173700,94.19,12259900,101.63,11084900,88.5,3612100,133.75,5615300,1545.28,6293000,143.0,6501800,92.5,7044700,199.59,4502800,128.68,1533400,2081.75,93.74199999999999,108.73800000000001,91.55,138.35,1577.824,146.9,94.25,199.408,131.158,2145.924
787,2332600,93.19,24173700,99.83,16232000,89.0,4542200,133.75,4479500,1585.28,5016300,143.0,11593100,94.0,7484000,200.98,5691900,130.14,1798000,2105.23,94.494,107.388,90.75,136.9,1572.37,146.5,93.25,198.668,130.526,2117.0539999999996
788,5050600,94.44,10717600,100.73,15945600,88.25,21072500,132.75,4186300,1586.19,7550000,142.75,4375400,95.75,12712700,200.05,5299300,127.23,2662700,2130.45,93.942,105.09400000000001,89.9,135.1,1574.9159999999997,145.8,93.05,198.854,130.08999999999997,2110.446
789,4408800,97.21,19124600,99.83,52196500,92.75,10253600,133.0,3742000,1618.0,6440500,144.0,8354500,95.75,25154000,209.53,6044400,130.14,6287200,2180.88,93.53999999999999,103.16,89.05,134.0,1572.3719999999998,144.8,93.65,199.592,129.362,2109.578
790,5430000,96.2,7380900,99.39,36369200,97.0,8830800,135.75,2797800,1602.55,4197400,140.5,6045400,97.25,17750100,201.44,3847100,128.44,2119700,2168.71,94.494,101.72,89.55,133.65,1581.098,143.75,94.1,202.13400000000001,130.042,2122.274
791,2019100,96.2,9036500,100.51,32357700,98.5,6357100,131.0,3112400,1607.1,5290300,145.5,3997500,97.75,8664400,202.6,4549300,129.9,2469800,2140.88,95.04599999999999,100.282,91.1,133.8,1587.46,142.65,95.05,202.31799999999998,128.92600000000002,2133.404
792,3071600,96.2,14621100,100.73,28059400,96.5,7990700,130.5,3239600,1592.55,6969600,145.5,7259900,100.0,8561100,200.52,5754200,132.57,4395500,2139.14,95.448,100.05799999999999,93.1,133.25,1599.824,143.15,96.1,202.92000000000002,129.17000000000002,2145.2300000000005
793,2704400,95.95,9265800,102.08,17925900,97.25,5034100,130.0,3806300,1580.73,11744700,143.5,3498400,98.0,8722900,200.52,9311600,136.21,2824000,2166.1,96.04999999999998,100.238,94.6,132.6,1601.278,143.65,97.3,202.828,129.656,2152.0119999999997
794,4265100,94.69,10681800,104.33,33898600,100.75,5817500,129.0,4951400,1597.1,14410900,141.0,8538900,98.75,12045300,198.9,48179300,166.32,4247600,2159.14,96.352,100.50800000000001,96.4,132.05,1600.1860000000001,143.8,97.75,202.922,131.452,2159.1420000000003
795,2834900,95.71,7211000,103.88,19148800,100.0,6847800,126.5,3923800,1573.46,9532900,148.0,8752500,100.25,14075700,195.2,15278100,164.13,2610100,2113.06,95.848,101.40799999999999,98.0,131.25,1596.006,143.2,98.35,200.796,138.68800000000002,2154.794
796,4614700,93.95,4528100,102.76,12038000,99.5,4492400,125.0,6500500,1583.46,4816700,154.25,2803900,96.5,11141200,197.51,6509700,164.13,2638100,2083.49,95.75,102.306,98.6,129.4,1590.1879999999999,144.7,98.95,199.548,145.826,2143.6639999999998
797,3367900,94.95,20934000,107.03,13284900,101.0,6855500,126.5,21814200,1506.2,8879500,152.5,4295700,95.25,15259500,199.59,7507400,168.99,2148000,2107.84,95.3,102.756,98.8,128.2,1585.4599999999998,146.45,98.7,198.53000000000003,152.672,2132.1859999999997
798,5143300,97.45,10300300,104.56,35211700,95.75,9202800,127.0,11389400,1484.38,8301800,151.0,7404500,98.25,11764200,199.82,10323400,161.7,2526000,2075.66,95.04999999999998,104.01599999999999,99.7,127.4,1568.19,147.85,97.75,198.344,159.956,2125.926
799,5079600,93.69,4818900,105.01,14579300,97.5,16111100,123.25,7077100,1477.11,7673200,152.75,7909400,98.0,15298800,202.36,6923400,158.3,3684200,2109.58,95.35,104.51199999999999,99.4,126.8,1548.92,149.35,97.8,198.204,165.054,2107.8379999999997
800,3988800,93.44,4451700,107.03,10789700,97.0,10250100,122.75,5304800,1476.2,8397400,152.75,6038700,99.25,27014300,206.06,6216900,161.46,2803100,2165.23,95.15,104.648,98.75,125.65,1524.922,151.7,97.65,198.896,163.45,2097.926
801,2352500,93.19,8436400,108.6,14406900,98.5,9364000,128.0,5345500,1499.83,4536300,153.5,5900400,101.5,7501600,203.75,4776800,158.3,1761000,2150.45,94.696,105.27799999999999,98.15,124.9,1505.4699999999998,152.65,97.45,201.06800000000004,162.916,2108.3599999999997
802,3157600,92.93,4092800,107.93,11246800,98.0,8662400,131.0,3766900,1512.56,4970900,156.75,3378500,104.75,12323100,203.75,2832100,160.25,1926700,2164.36,94.54400000000001,106.446,97.95,125.5,1488.744,152.5,98.45,202.31599999999997,161.75,2121.7519999999995
803,4620100,93.44,10533200,111.08,13817800,99.25,9795000,133.75,4785200,1478.02,5140700,155.75,4723900,107.5,9485300,203.06,6634800,160.25,6079300,2205.23,94.14,106.62600000000002,97.35,126.4,1490.016,153.35,100.35,203.148,160.002,2133.0559999999996
804,2489700,94.95,8148700,112.65,10350200,101.75,8437100,137.0,6702800,1471.66,5545900,155.25,5200500,107.0,8920700,203.75,7665100,167.04,3653400,2263.49,93.338,107.92999999999999,98.05,127.75,1488.744,154.3,102.2,203.796,159.712,2158.97
805,3369800,94.95,1857200,112.65,12544200,102.0,7824900,137.25,4466200,1490.74,11619900,157.5,7350800,108.0,16677000,201.44,4055200,169.96,2097900,2254.8,93.59,109.458,98.9,130.5,1487.654,154.8,104.0,204.07399999999998,161.45999999999998,2189.752
806,1946600,93.95,3693000,114.0,9157000,103.5,3608500,138.75,3077600,1485.29,7482400,163.0,5764300,104.0,10084800,201.44,2044300,171.42,1661800,2244.36,93.892,110.582,99.9,133.4,1490.562,155.75,105.75,203.15,163.16000000000003,2207.6659999999997
807,4398700,94.19,16622800,113.78,14967300,105.25,11301700,140.0,7034300,1470.75,9751100,171.5,5639600,104.75,11157600,201.44,9221100,179.67,3246900,2234.8,94.044,111.66199999999999,100.9,135.55,1487.654,157.65,106.25,202.68800000000002,165.784,2226.4480000000003
808,3035300,97.45,15488500,111.75,21779200,103.5,22970400,141.5,10742700,1438.02,6920400,169.0,8060000,110.25,19041100,199.13,7926900,182.38,3929200,2197.47,94.29599999999999,112.832,102.35,137.35,1479.292,160.6,106.25,202.22600000000003,169.66799999999998,2240.536
809,3863400,96.71,9580000,112.43,18762600,102.75,8285600,138.75,6453800,1462.57,6860200,165.75,10096200,110.25,16757300,199.59,6939100,187.56,3934600,2143.89,95.098,112.96600000000001,103.2,138.9,1471.2920000000001,163.25,106.8,201.44,174.094,2238.984
810,3328600,98.72,11433200,112.43,7719400,103.0,4375000,139.75,7064200,1465.29,6924400,167.0,11927100,107.75,9379000,199.36,7152800,191.75,5106500,2109.64,95.45,112.922,103.4,139.25,1469.4739999999997,165.35,107.45,200.608,178.198,2215.064
811,3626300,98.47,7874900,110.4,14664800,101.5,11265000,137.25,4483300,1443.48,7119400,169.75,14075400,105.25,15177000,197.74,4782600,187.8,3205500,2150.92,96.204,112.878,103.6,139.75,1464.3839999999998,167.25,107.4,200.192,182.55599999999998,2186.0319999999997
812,3072300,96.71,10389000,110.85,16092200,100.25,7003600,138.0,4388200,1445.3,8733900,169.75,7621200,102.5,15749100,196.82,4698500,186.57,3798000,2212.4,97.10799999999999,112.15800000000002,103.2,139.45,1456.0220000000002,168.6,107.65,199.452,185.83199999999997,2167.344
813,2163000,97.45,18502300,107.48,22460900,100.0,4049700,138.5,4894300,1439.84,5268100,168.25,11099200,106.5,20697900,196.82,4809800,188.79,3717700,2227.33,97.612,111.572,102.2,139.05,1450.9320000000002,168.25,107.2,198.52800000000002,187.212,2162.864
814,5396900,97.45,14859400,107.03,15853900,99.5,4830400,137.75,7935600,1430.75,5125800,168.25,6618600,106.0,32294300,199.59,4740800,191.25,4077500,2134.23,97.612,110.718,101.5,138.45,1451.296,168.1,106.45,198.06599999999997,188.494,2168.8360000000002
815,3580700,96.45,9123200,108.6,14289800,103.25,4807900,139.75,5775700,1425.3,5693800,169.25,4849000,108.0,17660900,202.36,5807400,199.88,2612200,2197.47,97.75999999999999,109.638,100.85,138.25,1444.932,168.6,105.6,198.066,189.232,2166.9039999999995
816,3759000,98.47,9684400,108.6,20529400,104.5,10685900,138.75,8170600,1424.39,12686800,170.75,7266700,106.25,23901800,205.37,15958500,204.07,2716200,2182.54,97.306,108.872,100.9,138.25,1436.934,169.05,105.65,198.666,190.858,2184.47
817,9255400,98.21,21047900,113.55,18242000,106.5,14637400,142.5,10278800,1422.57,11669200,175.5,8904000,106.25,18168200,204.67,11767800,207.52,5005100,2253.68,97.306,108.51200000000001,101.5,138.55,1433.116,169.25,105.85,200.192,194.112,2190.7939999999994
818,9100700,103.75,11949600,112.88,19579500,103.25,8545400,143.25,8254800,1390.76,6935500,181.0,7091800,106.5,15156800,206.06,4216100,205.55,3933200,2276.51,97.60600000000001,109.05199999999999,102.75,139.45,1428.5700000000002,170.4,106.6,201.762,198.302,2199.05
819,8999100,104.49,7613000,113.78,23871800,103.0,7194800,141.5,7440000,1428.93,10582700,181.75,6804600,104.25,13320700,206.75,2847700,205.06,4081800,2327.45,98.866,110.13200000000002,103.4,140.4,1418.7540000000001,172.95,106.6,203.60999999999999,201.654,2208.886
820,8102100,105.49,8367000,114.23,16157100,105.0,6722600,140.0,8196200,1449.84,12180300,178.0,5621100,99.0,13178200,208.37,5181600,200.62,2902900,2337.12,100.274,111.482,104.1,141.15,1418.39,175.65,106.25,205.042,204.416,2247.53
821,9727200,108.26,10250800,113.33,21305400,103.0,4830700,137.0,8357400,1447.11,11192200,178.0,9264300,97.5,15159200,206.98,6771200,195.2,4051800,2348.53,102.08200000000001,112.60799999999999,104.45,141.2,1423.2980000000002,177.4,104.45,206.24399999999997,204.56400000000002,2275.46
822,7720400,104.74,9983000,111.53,26780300,98.0,22303300,145.75,7586900,1428.93,8762800,182.25,10087300,96.75,15956700,207.45,7301500,185.59,3791400,2366.98,104.04,113.55400000000002,104.15,140.85,1427.842,178.85,102.7,206.56599999999997,202.79000000000002,2308.6580000000004
823,7005900,102.98,9121400,110.18,25354000,98.75,6903500,145.5,7670600,1427.12,8749400,174.5,14960900,100.25,15227700,207.45,8957800,185.34,2915800,2342.39,105.346,113.15,102.45,141.5,1429.114,180.2,100.8,207.122,198.40400000000002,2331.318
824,5590800,102.98,7590100,108.38,14888500,98.0,11772800,144.75,5896100,1427.12,12670900,174.0,5386100,101.5,13148200,207.45,6287400,179.92,2455600,2333.6,105.19200000000001,112.60999999999999,101.55,141.95,1436.386,178.9,99.55,207.4,194.36200000000002,2344.4939999999997
825,6259100,100.48,6602500,110.85,16633700,100.25,5957200,146.5,4493200,1450.75,11682500,170.0,14969800,103.0,18276300,211.14,5677900,184.11,2597000,2309.89,104.89000000000001,111.53000000000002,100.55,142.6,1436.024,177.35,99.0,207.54000000000002,189.334,2345.7239999999997
826,9278200,100.48,4702500,109.95,26600500,101.5,7700200,148.75,4564800,1465.29,10766900,175.5,14615700,105.0,55760300,224.08,4613000,187.8,2530600,2324.82,103.888,110.854,99.6,143.9,1436.206,175.75,99.8,208.09399999999997,186.03199999999998,2340.278
827,9533300,97.21,5151200,110.63,33691400,103.0,6422300,145.25,6299700,1472.56,13934500,182.0,7359600,102.5,33488200,222.69,4391600,186.32,2664700,2334.48,102.33200000000001,110.17800000000003,99.3,146.25,1439.842,175.25,101.3,211.51399999999998,184.552,2335.5359999999996
828,5475900,97.96,8131900,112.2,15779100,103.75,7008600,147.0,7853000,1485.29,18767600,181.25,8191800,99.75,21738900,225.47,4230400,189.28,2007500,2335.36,100.826,109.998,100.3,146.15,1448.568,175.2,102.45,214.56199999999998,184.698,2329.0359999999996
829,6891500,99.46,9959000,111.75,24746000,100.0,9666200,148.25,12731200,1476.2,15134600,183.75,13983600,100.25,19344100,224.08,4484300,184.85,4088400,2322.18,99.82199999999999,110.402,101.3,146.45,1460.2019999999998,176.55,102.35,218.166,185.48599999999996,2327.63
830,5010900,98.47,10962100,108.38,18926800,98.25,5770300,146.0,6971400,1468.02,9886500,191.25,7421900,98.5,12998000,222.23,5624000,177.21,2682300,2293.2,99.118,111.076,101.7,147.15,1470.018,178.5,102.1,221.49200000000002,186.472,2325.3460000000005
831,7378700,95.2,7332300,108.38,27793100,96.25,7229700,144.0,9478800,1477.11,18595000,191.25,7531500,97.5,19585700,224.77,9779800,170.3,3458300,2280.03,98.71599999999998,110.582,101.3,147.05,1473.4719999999998,182.75,101.2,223.70999999999998,185.092,2322.0080000000003
832,9197200,93.69,5818600,108.38,17560900,97.25,4958600,142.0,4764700,1475.29,8096900,185.25,10044600,95.75,14902400,224.84,11792400,165.38,3000500,2250.17,97.66,110.26799999999999,100.25,146.1,1475.8359999999998,185.9,99.7,223.848,181.592,2313.05
833,4473800,96.45,14469900,102.08,24390400,96.0,13334000,140.25,6119500,1452.57,10054100,177.75,9196600,93.0,20676100,219.01,10863300,161.68,3587900,2239.63,96.95599999999999,109.81799999999998,99.1,145.45,1476.382,186.55,98.35,224.27799999999996,177.40400000000002,2296.188
834,1621400,94.44,31214400,106.13,28764600,95.0,3813300,139.0,5441100,1439.84,7296900,178.25,11625700,93.5,41209500,224.6,7302600,164.88,2911800,2241.38,96.654,107.79400000000001,97.55,144.1,1469.838,185.85,97.0,222.98600000000002,171.88400000000001,2277.042
835,2924000,93.95,6757200,105.01,16029000,94.75,6036700,136.25,4485000,1413.48,6276400,172.5,7069900,95.0,22258000,223.21,3551800,165.13,3145000,2228.21,95.65,106.66999999999999,96.55,142.25,1462.566,184.75,95.65,223.09,167.89,2260.882
836,5137800,94.69,8145800,102.31,30403700,92.25,6326900,134.5,6035900,1390.76,13700800,171.0,15108300,95.0,27263800,224.6,6931600,163.4,4310300,2232.6,94.746,105.99600000000001,95.85,140.3,1451.658,181.0,94.95,223.286,165.474,2247.8840000000005
837,6218800,93.19,16413300,103.21,21846100,95.5,8852900,136.5,8122000,1447.11,8647300,170.25,19774900,97.75,25133600,221.81,5215600,167.59,4041800,2263.34,94.64399999999999,104.782,95.05,138.4,1434.3880000000001,176.95,94.45,223.252,164.094,2238.398
838,8135000,95.2,8088100,105.46,20531000,96.75,3470700,138.5,7076800,1479.84,10391500,168.0,15208600,103.0,23341600,223.67,6028700,167.1,4678600,2287.05,94.544,103.748,94.7,137.3,1428.752,173.95,94.85,222.64600000000002,164.536,2241.032
839,5712500,96.2,8344400,108.83,27158000,98.25,5357800,139.75,7785700,1481.65,10728000,169.0,16436900,112.25,19502200,226.0,11427700,178.68,5355700,2381.91,94.294,104.424,94.85,136.95,1434.206,172.0,96.85,223.57800000000003,165.62,2250.5160000000005
840,7428300,99.72,8104500,110.85,11397800,97.25,6257900,142.75,5475600,1472.56,6185100,173.5,30300700,116.75,17379600,224.6,4626100,174.49,2986800,2370.49,94.64599999999999,104.96399999999998,95.5,137.1,1442.568,170.15,100.6,223.858,168.38000000000002,2278.6220000000003
841,3918900,102.48,5710500,108.38,10169500,97.5,6370800,141.5,6136200,1472.56,9084000,180.75,96579700,116.75,17887800,227.87,4132900,173.26,3558700,2343.26,95.8,106.13199999999999,96.0,138.4,1454.384,170.35,104.95,224.13599999999997,170.252,2307.0780000000004
842,9582600,99.97,13834500,111.53,19355100,98.0,4808500,141.75,7511300,1467.11,8729400,180.0,64403600,113.25,18144400,225.07,3036100,173.76,3253700,2339.75,97.35799999999999,107.346,97.05,139.8,1470.744,172.3,109.3,224.79000000000002,172.224,2329.21
843,7980400,101.99,9112100,111.53,17455800,99.5,9103900,140.75,4260600,1479.84,10301600,183.5,23173200,112.5,15336700,226.24,3589800,178.44,2739300,2361.71,98.71400000000001,109.00999999999999,97.55,140.85,1474.7439999999997,174.25,112.4,225.442,173.458,2344.4919999999997
844,5742900,101.73,9295400,111.75,18036000,99.5,7654300,142.75,3638500,1481.65,7008700,183.0,24484000,114.25,19521200,222.28,3408400,179.42,2411200,2361.71,100.072,110.224,98.1,141.3,1474.7440000000001,177.35,114.3,225.956,175.72600000000003,2359.424
845,14777800,100.97,8601300,111.75,15673700,101.25,7438800,145.75,4513100,1498.02,7070200,187.75,12925200,114.75,21665900,222.51,4515500,186.08,2165800,2364.34,101.178,110.80799999999999,98.35,141.9,1474.744,180.15,114.7,225.212,175.874,2355.3839999999996
846,9742700,104.49,6500500,111.75,14670200,101.0,5033400,143.0,5076300,1486.2,9944000,186.5,11501500,116.5,18019000,221.58,3956400,182.38,2682800,2371.37,101.428,110.98800000000001,99.15,142.5,1479.836,183.0,114.3,224.794,178.192,2354.154
847,13743800,104.74,18839600,114.23,22334300,103.5,11052500,146.5,5930600,1502.56,12709400,189.25,17969500,116.0,22166500,219.48,5945600,190.51,3386200,2371.37,101.83,111.66199999999999,99.85,142.8,1482.564,184.15,114.25,223.536,180.01600000000002,2359.7760000000003
848,6460400,105.25,13193000,113.33,16359000,102.75,2509700,148.25,7075900,1497.11,8287600,187.0,16362700,115.5,25589000,218.78,5907500,186.32,3037600,2381.03,102.78399999999999,112.202,100.95,143.75,1489.654,186.0,114.8,222.41799999999998,183.366,2366.1
849,6512400,104.74,7763100,115.35,24665600,104.0,4715100,145.0,4752300,1480.75,10923800,186.0,8417100,118.0,22440200,222.97,4399700,188.54,3441100,2432.85,103.436,112.56200000000001,101.6,145.25,1493.108,186.7,115.4,220.92600000000002,184.942,2369.9640000000004
850,2362800,104.49,8967100,117.82,22212200,104.75,2942700,144.75,3712900,1488.02,11270300,182.0,7747800,114.75,17631700,223.44,3966700,187.06,3571200,2437.24,104.03799999999998,113.282,102.5,145.7,1492.928,187.3,116.15,221.064,186.766,2384.192
851,3646300,104.74,14506300,122.55,40692900,108.25,5089600,145.5,4450500,1478.93,10872100,179.75,16900300,112.75,17836900,221.58,3373600,190.27,3463200,2444.27,104.742,114.49600000000001,103.2,145.5,1490.9279999999999,186.15,116.15,221.25,186.962,2398.772
852,4686600,104.24,11272700,118.05,24929400,106.75,11892800,142.0,8251800,1448.02,15890700,180.75,17926100,112.0,13830300,218.78,5979000,181.64,5094600,2415.28,104.792,116.65599999999999,104.65,146.0,1489.4740000000002,184.8,115.4,221.25,188.54000000000002,2413.352
853,5108400,101.99,12399500,113.78,31444100,103.25,14961400,140.75,6044500,1438.93,8728200,179.25,11996300,112.0,14023900,218.78,7174500,176.47,11202300,2502.23,104.69200000000001,117.42,105.3,145.1,1478.566,183.1,114.6,221.11000000000004,186.76600000000002,2422.134
854,4133800,99.97,10555900,115.12,13198300,103.5,6884800,138.25,2818800,1438.02,7084500,172.75,7910100,115.0,9041500,219.01,3917400,175.73,4216600,2485.55,104.03999999999999,117.50999999999999,105.4,143.6,1466.9299999999998,181.55,113.9,221.10999999999999,184.796,2446.3740000000003
855,3503300,98.97,4893300,116.7,8493600,104.5,5539000,141.25,3705400,1427.12,7546300,169.25,3577000,117.25,13749800,221.11,2237700,178.19,2791900,2518.92,103.08599999999998,117.46400000000001,105.3,142.25,1458.384,178.9,113.3,220.31799999999998,182.234,2456.9139999999998
856,2980000,99.97,8375900,119.62,11409300,104.5,6752800,137.75,6562500,1417.12,8678000,171.25,9921600,119.0,12838200,220.41,2122300,177.45,3217600,2505.75,101.982,117.24000000000001,105.25,141.55,1446.204,176.35,113.8,219.852,180.45999999999998,2473.2500000000005
857,2416400,100.23,4382500,120.07,9828200,104.25,5318300,139.5,5184900,1408.94,9602300,174.0,6501000,117.25,17112400,221.11,4970300,176.22,3095900,2495.21,101.02799999999999,116.654,104.5,140.0,1433.8419999999999,174.65,115.05,219.618,177.89600000000002,2485.546
858,9710600,100.48,8139100,122.99,31597500,103.25,17825800,134.5,9501800,1441.66,13444900,177.5,9817000,117.25,22148000,223.44,21126200,193.72,4003500,2485.55,100.226,117.05799999999999,104.0,139.5,1426.0259999999998,173.3,116.1,220.084,176.81199999999998,2501.532
859,5885600,100.48,5884800,122.55,19407600,104.0,13205100,135.75,5919800,1435.3,9087000,178.25,12221200,118.0,12473900,220.18,6518200,191.01,4641000,2431.09,99.924,118.9,104.0,138.25,1426.5720000000001,172.95,117.15,221.016,180.262,2498.196
860,4602500,102.73,5225800,122.99,12461700,106.25,10627400,134.5,9733700,1405.3,8231900,183.0,4491000,113.5,18409000,220.88,5644500,195.69,3894100,2431.09,100.02600000000001,120.386,104.1,137.75,1426.028,174.05,117.75,221.25,183.318,2487.304
861,3540000,103.24,9747900,118.72,13206600,106.5,12276000,134.0,6695800,1439.84,9540600,183.0,9763300,112.5,17732500,222.28,5860500,194.95,4513100,2405.62,100.778,121.644,104.45,136.4,1421.6640000000002,176.8,117.0,221.204,186.81799999999998,2469.7380000000003
862,4127900,102.73,11328000,118.27,17134000,104.0,17437500,135.5,5534700,1409.84,10548300,186.5,9416400,113.75,12815900,221.81,4927700,192.73,4791000,2393.33,101.432,121.46400000000001,104.85,135.65,1426.208,179.15,115.7,221.57800000000003,190.31800000000004,2449.7120000000004
863,3460000,103.49,15943400,116.02,16742800,103.75,21985700,139.5,8450300,1402.57,10495100,181.75,13404800,111.75,16091500,222.28,4731500,191.75,3849000,2415.28,101.932,121.104,104.8,134.85,1426.3880000000001,181.65,115.0,221.718,193.62000000000003,2429.3360000000002
864,4121100,102.73,38683300,120.75,21599400,107.25,17348700,142.25,7792600,1408.03,8800400,182.25,11832500,109.75,15057800,223.91,6160500,195.94,3984800,2430.21,102.53399999999999,119.71,104.9,135.85,1418.57,182.5,113.9,221.48600000000002,193.226,2415.282
865,2598600,103.24,8132200,116.02,11238700,105.75,7562000,142.0,3840800,1418.93,7118800,179.0,7633500,113.75,11552100,222.97,4776000,196.18,4705600,2349.41,102.984,119.35,105.55,137.15,1413.1159999999998,183.3,112.25,222.23200000000003,194.212,2415.1059999999998
866,4270800,102.48,9674600,115.35,10948300,105.5,20337500,137.0,3090300,1414.39,5431900,180.5,11472800,115.0,10191000,222.74,5287900,196.43,5890000,2402.99,103.08599999999998,117.95599999999999,105.45,138.65,1415.842,182.5,112.3,222.65,194.31,2398.7699999999995
867,6706000,102.48,39393400,126.59,8337600,106.5,15796900,139.5,5206800,1440.75,6897000,180.0,11731700,115.5,22150300,229.5,9492400,202.84,3058100,2395.08,102.934,117.282,105.25,139.25,1410.752,182.0,112.8,222.74200000000002,194.60600000000005,2398.2439999999997
868,9029600,101.48,16808900,125.02,11442900,106.0,7415500,138.5,12083000,1445.3,5443200,179.5,14069600,114.0,28638300,226.47,12083100,207.03,3810700,2430.21,102.88399999999999,118.946,105.75,140.05,1416.934,180.7,113.15,224.28000000000003,196.628,2398.594
869,7500300,100.23,13733600,120.97,8592500,105.25,10825700,137.0,7101400,1440.75,11527600,180.75,9142300,115.0,15282700,229.73,7123400,210.48,4985700,2498.72,102.482,120.74600000000001,106.2,139.85,1425.48,180.25,113.6,225.118,199.684,2401.5799999999995
870,11938200,101.99,10504400,119.62,17563900,103.75,4891600,134.5,4716200,1430.75,8403400,178.25,11118800,116.75,11233200,227.87,4316200,202.59,3282500,2440.75,101.982,120.79,105.8,138.8,1432.024,179.95,114.65,226.282,202.592,2415.2819999999997
871,6237700,99.21,7514600,117.37,22936100,102.0,12337900,132.75,4192900,1436.21,9376000,176.75,7357000,112.75,10487800,226.7,4336600,200.13,4034900,2460.95,101.732,121.50999999999999,105.4,137.3,1434.3880000000001,179.8,115.25,227.262,203.874,2433.55
872,4099800,97.7,10756400,117.37,22779300,101.25,9677100,131.75,5509700,1431.66,18807200,173.75,10104600,115.5,18851200,223.91,5804900,197.91,3600400,2393.33,101.078,121.91400000000002,104.7,136.45,1438.752,179.05,114.8,228.054,204.614,2445.142
873,4368600,97.7,11885300,114.45,19941300,101.5,9253200,129.25,4834600,1421.66,13864400,172.0,9304500,117.75,15022500,224.14,4989700,193.96,6119500,2382.79,100.12199999999999,120.07000000000001,103.65,134.9,1436.934,177.8,114.8,226.936,203.628,2444.7920000000004
874,4211800,96.45,10893100,114.68,10168100,100.75,7715700,129.5,4154500,1413.48,7073600,176.5,10059000,118.5,19455000,222.04,3302900,195.44,3355500,2362.59,99.366,117.95600000000002,102.75,133.05,1432.206,176.3,115.55,226.46999999999997,201.014,2435.308
875,5577400,95.2,8196800,118.72,13765600,102.0,9466100,131.5,3208100,1442.57,9686900,170.5,5265100,127.0,17511300,228.1,3511300,200.13,2933100,2371.37,98.60999999999999,116.69800000000001,101.85,131.55,1426.752,175.45,116.25,224.93200000000002,198.006,2408.082
876,7365100,97.21,6898000,119.62,11762500,101.0,12003200,134.0,8052500,1448.93,11413700,172.0,15401200,124.25,27527000,235.56,3117400,195.44,3120100,2352.05,97.252,116.518,101.5,130.95,1429.116,173.9,118.3,224.97799999999998,197.514,2394.2059999999997
877,6642700,98.72,9794100,117.82,16166900,101.25,13444300,135.25,8189600,1473.47,8282900,176.75,31858100,123.0,17207900,231.59,3970300,194.7,3711200,2334.48,96.852,116.968,101.3,131.2,1431.66,172.95,120.6,226.75,196.57599999999996,2372.4260000000004
878,5019200,99.21,5756800,120.07,10882100,101.0,3748100,133.75,3226200,1473.47,4541100,177.25,8051200,123.0,7873200,230.9,3575800,193.23,2063900,2331.85,97.056,117.05799999999999,101.3,131.9,1440.0220000000002,173.55,122.1,228.28599999999997,195.93400000000003,2360.656
879,2507500,97.45,3897800,119.17,13673700,99.5,8684600,136.5,4102800,1475.29,6001400,176.5,19946900,123.5,11672800,231.83,3631300,190.27,2473600,2317.79,97.358,118.18199999999999,101.2,132.8,1450.3840000000002,174.6,123.15,229.638,195.788,2350.468
880,4429800,96.71,6248600,120.97,13837200,101.25,11161000,139.5,4706600,1498.02,5710700,174.0,12082600,127.75,12721300,232.99,5697000,194.46,2605400,2337.99,97.55799999999999,119.08,100.95,134.2,1462.746,174.6,124.15,231.596,194.754,2341.5080000000003
881,2523300,100.23,9065800,119.17,15166900,99.75,11270100,139.75,7578500,1472.56,13705800,174.25,10331000,128.5,17084100,229.73,5661500,194.95,3203500,2306.38,97.85999999999999,119.53,100.8,135.8,1473.836,175.3,124.3,232.57399999999998,193.62,2334.8320000000003
882,4824000,98.47,10232200,119.4,19083100,99.75,14652400,141.0,4532300,1494.38,18522800,173.25,11481800,129.0,14243300,232.99,3032800,197.42,3927900,2348.53,98.464,119.43999999999998,100.55,136.95,1478.562,175.75,125.15,231.408,193.522,2325.6980000000003
883,4461000,99.97,17639500,119.85,16696800,99.75,9417300,139.0,3744800,1490.74,9477200,170.0,9477900,128.25,14530900,232.53,6481400,202.34,2215400,2338.87,98.41400000000002,119.75600000000001,100.25,138.1,1482.7440000000001,175.05,126.35,231.68800000000002,194.066,2328.508
884,4756800,98.72,7312700,116.25,12260500,99.25,6264600,138.0,3572400,1492.56,8421100,168.75,10227700,130.0,10738900,229.26,4190100,199.63,2716400,2341.51,98.566,119.71200000000002,100.0,139.15,1486.1979999999999,173.6,127.4,232.01400000000004,195.888,2329.9120000000003
885,2370700,98.47,32647700,120.75,10647500,97.75,5849500,137.25,4489800,1474.38,9564400,167.75,18467500,126.75,10392000,227.63,2405500,198.65,2619800,2318.67,98.82000000000001,119.128,99.95,139.45,1489.652,172.05,128.7,231.5,197.76,2334.656
886,5415200,96.45,28450200,124.57,17000000,98.5,8741500,138.0,5809500,1468.93,8794000,164.75,20690700,128.75,18880500,227.63,2480400,197.66,3064700,2287.05,99.172,119.08399999999999,99.25,139.0,1484.924,170.8,128.5,230.42799999999997,198.598,2330.7920000000004
887,3536800,97.45,10292100,120.97,14634600,96.5,9139200,136.25,5222100,1455.29,9017700,166.25,16272100,126.25,17899100,226.24,3644100,192.73,3374300,2297.59,98.416,120.16399999999999,99.0,138.65,1484.198,168.9,128.55,230.00799999999998,199.14,2326.9260000000004
888,6296200,94.44,5889000,122.1,16710700,96.0,10515400,134.25,5002100,1444.39,16917600,166.5,7789500,125.75,18080800,226.47,5728000,188.05,2502400,2296.71,98.21199999999999,120.478,98.35,137.7,1476.38,167.5,128.0,228.658,198.202,2316.7380000000003
889,3986800,95.95,9616200,121.87,10432900,95.75,7799500,132.0,4720500,1456.2,7914600,163.25,7689900,123.25,11291200,228.57,4109200,185.59,4183600,2257.19,97.106,120.928,97.6,136.75,1467.1100000000001,166.8,127.5,227.446,195.344,2308.3059999999996
890,3356800,96.96,12253500,118.72,12209200,95.75,8271500,131.0,4058500,1462.57,9278200,168.5,9516400,121.75,12885600,227.4,4869100,182.13,3640100,2253.68,96.55199999999999,122.05199999999999,96.9,135.55,1459.8380000000002,165.7,126.15,227.308,192.536,2291.442
891,1796200,97.45,10979400,117.6,14008200,96.0,6657400,133.0,4020100,1448.93,10542600,165.5,6299400,122.75,15764300,227.17,2981500,182.13,3086500,2266.85,96.25,121.646,96.5,134.3,1457.476,165.85,125.15,227.26200000000003,189.23200000000003,2278.4440000000004
892,3403800,96.96,14199800,114.68,23826400,95.75,6720900,132.75,5439500,1468.93,10415000,168.25,20645300,120.5,13601000,228.57,5554200,182.13,4727300,2240.5,96.44999999999999,120.252,96.0,133.3,1453.476,166.0,123.95,227.17,186.126,2274.404
893,9920200,97.21,31020800,113.78,14407800,96.0,28778900,138.5,5458200,1488.02,12118300,166.25,18679700,120.25,14168500,229.5,5479000,187.8,4919300,2291.44,96.35199999999999,118.994,95.85,132.6,1456.2040000000002,166.4,122.8,227.63599999999997,184.006,2262.986
894,7605700,97.45,19099700,121.2,15073700,97.25,11108400,136.0,4524900,1472.56,10935100,162.25,9094000,120.5,13716400,230.2,4417400,189.78,2901100,2305.5,96.90599999999999,117.33,95.85,133.45,1464.9299999999998,166.35,121.7,228.24200000000002,183.956,2261.932
895,13712300,94.19,6438300,119.17,6319200,96.25,6657500,134.25,2409100,1479.84,8088100,160.75,7994400,121.0,8244700,228.33,2651800,187.06,1810500,2314.28,97.20599999999999,117.196,96.15,134.25,1468.202,166.15,121.15,228.56799999999998,184.794,2271.594
896,8973100,93.44,2056400,118.95,8457300,97.75,3915500,135.0,1899100,1497.11,4935600,164.25,7170000,121.0,6789000,232.53,2333100,191.01,1438700,2352.92,96.652,117.28599999999999,96.25,134.9,1471.6560000000002,164.6,121.0,228.754,185.77999999999997,2283.7140000000004
897,2218700,92.68,1054800,118.95,3145100,97.5,732400,134.5,695400,1498.02,744600,168.75,1208300,121.0,1379200,232.29,329400,189.28,359100,2338.87,95.85,117.55600000000001,96.6,135.3,1481.292,164.35,120.65,229.82600000000002,187.55599999999998,2300.9280000000003
898,1679900,93.44,3205200,119.62,7727600,98.5,3026100,135.75,1450000,1495.29,6800700,166.25,3642100,122.0,4363300,234.86,1515200,192.73,1652100,2367.86,94.994,118.41000000000001,96.95,135.65,1487.11,164.45,120.75,230.57,188.98600000000002,2320.6020000000003
899,2318100,93.44,3405900,120.52,9746100,99.5,4256400,138.5,2088200,1497.11,5322500,166.25,4508800,122.0,6266700,236.72,1377600,194.46,1382800,2366.98,94.24,119.578,97.45,135.1,1488.5639999999999,164.45,121.1,231.642,189.972,2335.886
900,918100,93.44,1550000,120.07,5463000,100.25,1217800,139.0,451500,1496.2,1661000,169.75,1745900,122.75,4192700,240.22,1443100,196.18,512100,2353.8,93.438,119.44200000000001,97.9,135.6,1493.4739999999997,165.25,121.4,232.946,190.90800000000002,2348.182
901,3012200,92.44,2919500,120.75,10779500,101.75,4285500,138.5,2909700,1494.38,3893000,168.25,4295700,123.0,9851000,239.05,1603400,195.2,1109500,2380.15,93.288,119.62199999999999,98.7,136.55,1496.7459999999999,167.05,121.75,235.324,192.73200000000003,2356.0860000000002
902,3667300,93.69,6497000,122.1,20831100,102.25,9177800,137.0,4961900,1501.65,7203500,168.25,13794400,126.0,12163300,236.25,4158700,198.15,2768800,2330.97,93.088,119.982,99.5,137.25,1496.2,167.85,122.15,236.62800000000001,193.57000000000002,2361.5319999999997
903,3799700,94.44,8333100,119.85,22303200,103.0,13532600,138.25,5795800,1513.47,11327100,169.5,13617400,129.25,22769800,243.01,3793000,194.7,3880700,2303.74,93.28999999999999,120.612,100.45,137.75,1496.926,167.75,123.15,237.42000000000002,195.344,2359.952
904,3449300,95.2,15175900,119.17,26780800,99.5,11761600,137.25,4538000,1493.47,11534300,170.25,18647600,132.25,19643400,244.18,4130700,191.25,3090800,2291.44,93.49,120.65799999999999,101.35,138.25,1500.5620000000001,168.4,124.6,239.05,195.73799999999997,2347.1279999999997
905,6521100,93.44,22560300,120.97,32921700,102.25,20781200,142.5,3820300,1500.74,5012500,167.75,15832700,130.0,21041300,242.31,4643600,199.39,2759600,2284.42,93.842,120.38799999999999,101.35,138.0,1499.834,169.2,126.65,240.542,195.096,2332.02
906,4549900,93.19,13389700,121.2,15367400,101.25,16342600,141.75,6492100,1518.01,6836700,165.25,20983900,136.25,20166900,241.85,2715600,199.88,3088600,2287.93,93.842,120.56800000000001,101.75,138.7,1500.742,168.8,128.1,240.95999999999998,195.738,2318.144
907,5463000,92.68,10347900,121.42,15688300,101.5,14690300,145.75,3610700,1518.01,8471100,167.0,10409100,138.25,16903200,240.68,2607100,198.15,3521000,2248.41,93.99199999999999,120.65800000000002,101.65,139.35,1505.468,168.2,130.75,241.51999999999998,196.674,2299.7
908,8080600,93.44,23652600,125.92,29849900,99.75,12715100,145.75,4698900,1522.56,9048000,168.0,19148500,140.25,55230900,230.9,3776700,201.85,2905100,2230.84,93.78999999999999,120.522,101.5,141.1,1508.7400000000002,167.95,133.2,242.406,196.67399999999998,2283.188
909,10863000,92.44,29408500,132.21,49106900,104.5,41259900,153.5,7664400,1560.74,8123400,164.0,22509500,142.75,59946100,230.2,5944100,203.58,3716900,2216.79,93.59,121.73599999999999,100.85,142.6,1510.5580000000002,167.65,135.4,239.984,198.10399999999998,2268.608
910,8691200,91.17,18104100,129.74,43254100,107.25,14398300,152.25,5356900,1560.74,10650500,163.75,15879400,141.5,40713300,225.54,12898500,216.64,3878000,2201.86,93.038,124.34400000000001,101.85,145.85,1524.012,166.4,137.5,237.18799999999996,200.57,2253.678
911,10378200,91.17,13777100,134.01,16635800,108.75,11998300,152.5,6116600,1563.46,19032200,162.25,26410700,139.5,30392300,231.13,9615000,222.06,4151700,2244.02,92.584,126.098,102.85,147.8,1536.012,165.6,139.8,233.83399999999997,204.02,2237.166
912,17152300,93.44,7345900,133.79,20234900,109.5,9061100,155.25,4178200,1558.01,8202200,163.5,18444000,135.0,15678700,231.36,4082900,226.5,2637400,2279.15,92.18,128.66,104.35,149.95,1545.1019999999999,165.0,140.45,231.68999999999997,208.456,2228.384
913,26739400,95.2,6256400,134.01,22407200,109.0,14199300,156.5,3899400,1529.83,7551900,170.0,9857400,134.5,12153400,228.57,5970400,225.02,3404000,2251.92,92.33200000000001,131.134,105.95,151.85,1553.102,164.3,139.8,229.82600000000002,214.12599999999998,2234.532
914,8931600,97.45,11690200,132.44,11722700,107.75,9117400,157.75,7121600,1521.65,8357200,171.0,20252000,133.25,22976800,231.36,6309800,220.34,3801000,2292.32,92.684,132.752,107.8,154.0,1554.556,164.7,138.65,229.35999999999999,218.76,2238.748
915,14190900,96.45,9794700,131.76,19969900,107.0,21385600,157.25,5511900,1516.2,9356800,170.0,19062800,133.0,29412200,228.8,3940300,217.63,6758000,2343.26,93.68599999999999,132.798,108.45,154.85,1546.738,166.1,136.75,229.592,222.112,2253.8540000000003
916,8695600,96.2,12175100,133.11,23146200,107.5,17175000,154.5,5799100,1508.02,13886500,170.0,24596900,135.25,27616600,224.37,6352700,216.64,4756700,2314.28,94.74199999999999,133.202,108.4,155.85,1537.8300000000002,167.35,135.05,230.244,222.31000000000003,2282.134
917,5376700,95.45,10463600,132.66,34157600,102.25,20711700,151.5,4461600,1511.65,11352400,169.5,23072400,133.0,21464000,226.0,2671000,216.39,2684000,2313.4,95.74799999999999,133.022,108.15,156.25,1526.7419999999997,168.9,134.2,228.892,221.22600000000003,2296.186
918,7667300,93.95,12668800,135.36,52167600,100.75,21975300,153.0,6868300,1499.83,13030600,170.0,18504600,133.0,24590800,224.37,6718600,226.5,4741100,2309.89,96.15,132.796,106.7,155.5,1517.47,170.1,133.8,227.82,219.204,2303.036
919,4902400,92.68,11217800,135.36,36969900,101.75,7867700,152.75,4848400,1518.92,9824400,165.0,23346800,140.5,22782900,223.67,11841300,220.34,3448200,2362.59,95.9,133.066,105.05,154.8,1511.47,170.1,133.5,226.98000000000002,219.5,2314.63
920,8712900,93.44,16706000,131.31,27779200,99.5,10304400,149.5,5565900,1494.38,5530300,166.0,21411900,148.0,23498400,220.88,5348700,215.65,7139700,2298.47,94.946,133.65,103.85,153.8,1510.9240000000002,168.9,134.95,225.442,219.5,2328.684
921,24579900,93.19,10094400,129.97,33371800,99.0,20010000,147.0,6259000,1472.56,10715400,166.0,47052800,147.25,38973200,222.28,7790200,213.68,4877400,2285.3,94.34400000000001,133.56,102.35,152.25,1506.56,168.1,137.95,223.858,219.10399999999998,2319.7259999999997
922,6392100,95.45,11112100,130.86,33899800,99.25,13790300,145.0,5854500,1459.84,16934700,164.5,33454000,139.5,19503600,224.37,7472200,209.25,3451700,2310.77,93.742,132.93200000000002,100.65,150.75,1499.468,167.3,140.35,223.44,218.512,2313.9300000000003
923,4745900,94.44,7478900,128.84,24702100,98.25,17331700,149.0,7234600,1477.11,15763800,164.5,24068300,136.5,21716200,226.93,7096200,207.03,3688400,2291.44,93.74199999999999,132.572,100.05,149.45,1489.1060000000002,166.3,141.65,223.11399999999998,217.084,2313.404
924,4269000,93.44,11835400,127.04,15905400,98.5,13635900,149.5,6142800,1484.38,10299400,165.75,27581500,136.5,17495400,227.63,8215500,210.97,3154700,2318.67,93.84,131.268,99.55,148.65,1484.5620000000001,165.2,142.35,223.62599999999998,213.19,2309.714
925,3038100,93.19,12479000,127.49,17105400,97.25,10174500,149.75,5130600,1467.11,8842900,162.5,18818400,139.0,25887800,223.21,10602800,217.13,2897800,2316.04,93.99199999999999,129.60399999999998,98.9,148.0,1477.654,165.35,141.55,224.41800000000003,211.31599999999997,2300.9300000000003
926,5283500,92.68,12888600,130.41,37739300,101.0,16725300,149.25,4118600,1488.02,13088100,162.0,20277800,136.0,20288600,225.3,4481700,214.91,2549300,2314.28,93.942,128.84,98.45,148.05,1472.1999999999998,164.65,139.75,224.88399999999996,211.612,2304.4440000000004
927,5438400,92.93,6553600,133.11,24933500,102.0,6480600,151.5,5136500,1491.65,12765000,161.0,14578700,140.25,17061900,226.0,3060600,213.93,2176600,2327.45,93.84,128.928,98.85,148.5,1475.292,163.85,137.5,225.488,211.858,2310.2400000000002
928,8283400,93.69,5602400,132.89,15771100,100.25,8428400,153.0,5187300,1478.93,13434100,159.5,10272600,138.0,20855700,222.97,4228100,216.89,2766300,2330.97,93.336,129.378,99.4,149.8,1481.6539999999998,163.15,137.65,225.814,212.794,2313.576
929,4872400,93.44,7524200,134.01,25660400,100.5,15864400,152.75,5073500,1481.65,19218800,159.0,17667100,140.25,17778800,224.14,4443600,220.58,5941300,2278.27,93.186,130.188,99.8,150.6,1482.018,162.15,137.95,225.02200000000002,214.766,2321.4819999999995
930,8058500,93.69,11968800,135.14,29683700,99.5,16104600,151.5,7432300,1458.02,29547100,161.5,12397100,141.0,33645700,227.63,5040200,218.61,5610600,2251.04,93.186,131.582,100.2,151.25,1481.4720000000002,160.8,138.7,224.32399999999998,216.68800000000002,2313.402
931,5001800,93.19,5792600,134.69,27591700,99.5,12927300,149.25,4596800,1472.56,30666700,166.0,13579900,142.5,32225300,231.83,4361000,221.08,3923200,2283.54,93.286,133.112,100.65,151.6,1479.654,160.6,139.1,225.208,216.984,2300.4019999999996
932,6629100,93.44,2658300,133.34,11511800,99.0,6066300,150.25,3960400,1474.38,6793900,176.0,5841400,142.5,19352600,232.06,2430700,224.53,1797700,2270.37,93.388,133.968,100.35,151.6,1476.562,161.4,140.4,226.51399999999998,218.218,2294.254
933,14049300,92.44,7181800,136.71,25506700,100.0,18395100,155.0,7495600,1503.47,9402000,175.0,11145600,143.75,16884000,234.16,12041900,237.34,3104300,2252.8,93.49,134.014,99.75,151.35,1473.108,164.4,140.85,227.72600000000003,220.33800000000002,2282.8379999999997
934,14801700,93.44,10825600,137.16,56640400,103.5,14435500,159.5,5635700,1486.2,10316000,179.5,12924900,141.0,14072200,234.86,13861500,241.29,4257700,2271.64,93.24,134.778,99.7,151.75,1478.016,167.5,142.0,229.96400000000003,224.42800000000003,2267.204
935,6560300,94.19,7778700,138.06,26335200,104.75,14757100,161.75,15722600,1572.55,15082700,178.75,14813400,142.0,20566900,236.95,8380100,239.56,4769000,2278.82,93.24,135.408,100.3,153.1,1478.926,171.6,142.15,232.108,228.57000000000002,2265.8779999999997
936,7332100,94.95,13929800,132.44,13401100,103.0,8065200,159.5,9046400,1556.19,17043200,177.0,10921700,140.0,28373900,236.95,10603600,232.66,4125500,2281.51,93.34,135.99200000000002,101.35,155.15,1501.8319999999999,175.05,142.35,233.97199999999998,232.76,2271.434
937,8308800,93.95,8297900,131.99,13413200,104.25,5848200,160.0,4614700,1558.01,21474600,187.0,7939600,139.0,17963000,234.62,6863700,232.66,2501800,2282.41,93.692,135.542,102.05,157.2,1518.5580000000002,177.25,141.85,234.996,235.07600000000002,2271.028
938,5505200,94.95,9005500,128.39,51368800,101.0,4652800,157.25,5510800,1560.74,23175200,177.75,6754200,137.75,20148700,235.32,4854500,227.24,3408600,2273.44,93.794,135.272,103.1,159.15,1535.284,179.45,141.15,235.50799999999998,236.702,2273.436
939,5540700,92.68,7402800,130.19,36870900,103.0,3812400,157.5,5650800,1569.83,16598600,183.5,12663600,138.5,16618200,236.02,3800500,226.5,3139000,2294.97,94.29599999999999,133.608,103.3,159.6,1546.738,180.0,139.95,235.74,234.68199999999996,2277.5640000000003
940,6200800,92.93,7330300,128.39,35301900,101.0,4500500,159.0,5274800,1568.92,33015000,182.0,8409300,136.75,13563100,236.49,4613900,226.99,2405500,2304.84,94.14399999999999,132.214,103.2,159.2,1563.464,180.8,139.45,235.97199999999998,231.724,2282.23
941,14957900,94.19,7094200,126.14,19936900,100.0,7510300,158.5,8169800,1548.92,20874700,184.25,11844500,136.25,25982900,239.98,8413500,232.17,3884500,2289.58,93.89200000000001,130.28,102.45,158.65,1562.7379999999998,181.45,138.4,235.88000000000002,229.20999999999998,2287.434
942,14195000,95.45,8123900,127.72,28949600,101.25,6483100,159.75,3618000,1572.55,10166700,189.5,7723800,134.75,15093600,239.75,5296600,233.65,3138000,2330.85,93.74000000000001,129.02,101.85,158.45,1561.284,182.9,137.65,236.48600000000002,229.112,2289.048
943,6824600,95.71,6258200,127.04,17003100,101.0,4837900,159.25,4938000,1569.83,19352800,190.25,9654400,135.75,17584200,238.12,9758300,243.75,3536600,2350.59,94.03999999999999,128.166,101.25,158.4,1564.192,183.4,136.8,237.512,229.31,2298.736
944,6886100,96.71,11553000,123.89,40171700,100.0,8515500,155.5,5271200,1585.28,20225100,195.5,30839700,135.75,20303100,237.65,6096900,240.5,2221700,2346.11,94.192,127.89599999999999,101.25,158.8,1566.01,185.9,136.4,238.07200000000003,232.612,2314.166
945,4131100,95.45,9430600,123.89,44944600,102.5,8816400,160.5,4448300,1603.46,19421500,200.5,13428300,132.75,10380600,236.49,5012100,246.0,5638700,2387.38,94.99799999999999,126.63600000000001,100.65,158.4,1569.1,188.3,135.85,238.398,235.41199999999998,2324.3940000000002
946,6236100,97.21,8151400,123.22,32374000,103.0,3642300,160.0,5295700,1594.37,8252300,205.0,16968800,129.0,14446200,234.62,6099200,241.5,3283300,2385.58,95.50199999999998,125.73600000000002,100.95,158.7,1576.008,192.0,135.05,238.398,239.214,2340.9020000000005
947,4214500,97.96,8877500,120.75,15493200,103.75,6289300,164.25,2275700,1602.55,8288400,203.0,17801400,127.5,16896400,238.35,4045300,238.5,1898500,2395.45,96.106,125.152,101.55,159.0,1585.098,196.15,133.6,237.32600000000002,241.08,2360.102
948,6986100,97.7,10764400,120.07,16318000,102.25,10188600,161.5,6072200,1601.64,12224100,200.5,24885100,124.75,22111000,237.89,4964900,234.0,6649200,2443.0,96.60799999999999,123.758,102.05,159.9,1591.098,198.85,132.15,237.046,242.05,2373.022
949,8613200,98.97,9186100,118.72,13688600,101.5,11201400,157.75,7785400,1608.79,12649600,200.75,21606900,126.5,29267800,243.24,4015700,230.75,7954500,2466.33,97.006,122.36399999999999,102.3,160.35,1597.46,200.9,129.95,237.0,240.1,2391.504
950,10629700,98.72,24279200,116.92,39264900,97.0,8660400,152.0,8474900,1557.76,20779600,204.0,31313200,123.5,31638600,236.95,7716600,224.5,5423500,2384.68,97.458,121.33,102.6,160.8,1602.162,201.95,128.1,238.11800000000002,238.15,2415.548
951,9592000,93.19,14602800,118.27,34379900,99.0,8547900,153.0,5427200,1567.96,18649200,199.25,18347700,122.75,23171000,237.42,4966900,223.25,4692300,2410.7,98.11200000000001,119.93599999999999,101.5,159.1,1593.0220000000002,202.65,126.25,238.20999999999998,233.85,2415.0080000000003
952,4827900,95.2,14822900,115.12,11993300,95.5,8909900,148.5,5886600,1532.71,10961600,189.0,13838700,125.5,16115300,234.86,4309400,215.75,2494900,2395.45,97.308,118.946,100.7,157.7,1587.74,201.5,125.0,238.77000000000004,230.2,2420.032
953,3752200,94.95,9599700,114.68,20068400,96.0,5378600,149.25,4529300,1556.83,8721400,196.25,8549900,122.0,15218000,237.65,8235200,221.75,2374800,2404.42,96.756,117.81999999999998,99.05,154.55,1573.7720000000002,198.7,124.6,238.07199999999997,225.65,2420.032
954,4991600,94.69,13139800,118.72,30360500,96.0,8236400,153.5,6722300,1580.02,7724300,187.75,11709100,122.75,19053400,236.72,5495200,227.75,3719000,2380.2,96.20599999999999,116.742,97.8,152.1,1564.81,197.85,124.05,238.02400000000003,223.2,2412.316
955,6765400,95.2,8976200,115.8,30519800,94.0,5369000,152.5,5346100,1555.9,8153800,193.75,7107000,122.25,17182500,236.02,5472600,222.0,3663300,2337.13,95.35,116.742,96.7,151.25,1559.056,195.25,123.3,236.71999999999997,222.6,2395.09
956,9027600,96.71,9320000,116.92,35617800,93.5,6597800,154.0,4584300,1554.05,9150400,195.25,11072900,125.0,32348200,240.45,3271200,220.0,4312900,2332.65,94.64599999999999,116.51799999999999,96.1,151.35,1558.684,193.2,123.05,236.53400000000002,222.1,2385.5800000000004
957,3257000,96.45,16663700,113.1,25523100,93.0,4051300,149.75,5289800,1540.13,8191600,190.0,14754600,127.5,21340600,234.39,5997200,212.0,3366700,2296.76,95.35,116.248,95.0,151.55,1555.9019999999998,192.4,123.5,237.14000000000001,221.45,2369.9700000000003
958,5912900,95.2,15113600,114.45,27954400,93.25,3863200,148.25,5386400,1534.56,11853200,192.0,15321600,130.5,20579400,231.36,3984800,214.25,3355400,2260.87,95.6,115.84400000000001,94.5,151.8,1557.386,192.6,123.9,237.046,220.7,2350.232
959,7062800,97.7,14101300,109.95,35202900,94.5,5172200,148.75,5829800,1525.28,11260700,185.5,15995100,131.5,20420300,228.8,3603200,213.0,4110100,2280.61,95.64999999999999,115.798,93.95,151.6,1552.932,191.75,125.6,235.788,219.2,2321.522
960,10850800,97.21,25983900,117.6,20024900,97.25,4759900,152.5,4086500,1540.13,10776600,190.5,12603100,136.0,21260900,236.25,4742800,222.0,3379100,2265.36,96.252,114.04400000000001,93.65,150.65,1541.984,191.3,127.35,234.204,216.25,2301.6040000000003
961,6626500,98.97,19224000,116.47,15949000,96.75,6646800,148.5,4707700,1541.98,12511200,191.5,14217600,133.75,22507800,231.83,4980600,225.5,2575500,2257.29,96.654,114.404,94.3,150.65,1538.83,190.65,130.1,234.25,216.25,2287.25
962,6966800,99.21,6224900,117.37,13143000,97.75,10703100,149.75,4603600,1561.47,10905800,199.75,15506000,133.25,23375600,232.06,3587400,228.75,1978100,2286.0,97.106,114.31400000000001,94.95,149.55,1536.416,189.9,131.85,232.52599999999998,217.35,2272.178
963,8499500,100.23,4258300,116.92,28660000,98.5,5899900,150.5,3190500,1556.83,6076600,200.5,8732700,130.0,26438700,230.2,3442000,227.0,1862200,2274.33,97.658,115.168,95.9,149.55,1540.6840000000002,191.85,133.0,232.06000000000003,220.7,2270.0260000000003
964,5005200,101.73,4379900,116.7,36055300,94.75,13906700,154.0,4414100,1538.27,11313900,201.75,13915100,131.0,26764900,229.03,4048900,225.75,2527600,2263.57,98.664,115.66199999999999,96.95,150.0,1545.138,193.55,132.9,231.82800000000003,223.25,2272.718
965,9303800,101.48,14680300,118.72,20336200,95.0,7878000,154.75,4542400,1555.9,10618100,200.0,26787100,130.5,22322500,230.43,3105700,230.0,3229500,2286.0,99.47,117.01200000000001,97.0,151.05,1547.736,196.8,132.8,231.87400000000002,225.8,2269.31
966,7740800,100.48,10069000,120.07,28243900,96.75,7685200,154.5,5333100,1574.46,9941700,201.0,19782800,128.25,12407600,230.66,5035800,236.0,3124200,2291.38,100.32400000000001,117.23599999999999,96.55,151.5,1550.8899999999999,198.7,131.7,230.70999999999998,227.4,2273.438
967,5649600,101.73,7816400,118.5,14433900,97.25,5343200,157.0,5059900,1559.61,8763000,205.0,9374400,128.5,19728300,230.66,4257000,233.5,2646600,2298.56,100.626,117.95599999999999,96.55,152.7,1557.386,200.6,130.6,230.47600000000003,229.5,2280.256
968,8535700,103.49,12953700,115.12,35240600,95.75,9066200,153.25,4261500,1563.32,8879300,207.5,9703000,127.5,20578200,232.99,4119600,235.0,2501800,2322.78,101.13000000000001,118.18200000000002,96.45,154.15,1557.014,201.65,129.65,230.196,230.45,2282.7679999999996
969,13206100,104.24,7052200,115.57,28231500,95.0,20803900,146.0,4476500,1549.41,12169000,210.25,12574500,127.5,33276800,224.6,5271500,232.0,3643600,2359.56,101.78200000000001,117.822,95.9,154.7,1558.312,203.05,129.15,230.754,232.05,2292.458
970,6464700,103.49,11068800,114.0,13347600,94.75,13294100,152.25,3643100,1565.18,10923500,207.75,13120400,127.5,23229400,233.92,6024300,229.0,2805300,2329.06,102.284,117.596,95.95,153.1,1560.54,204.75,128.45,229.868,233.3,2311.656
971,4384900,105.0,9383000,114.0,47299200,97.5,5199600,153.25,3517600,1572.6,11198700,215.0,8096200,126.0,16039200,236.25,7165400,230.25,2007000,2341.62,102.68599999999999,116.652,95.9,152.6,1562.396,206.3,127.85,230.56599999999997,233.1,2320.268
972,7954900,105.0,7908600,113.33,34833100,95.0,5501500,150.0,4366100,1563.32,14670800,215.0,11386900,130.0,15397600,233.23,6340000,224.5,2544900,2338.93,103.59,115.43800000000002,96.05,152.35,1562.0240000000001,209.1,127.4,231.68400000000003,231.95,2330.316
973,10816000,103.24,15522700,110.63,33547100,92.75,10749300,152.75,3570600,1554.97,18846400,218.0,8716700,129.0,13063200,234.39,3679300,224.0,4239500,2399.94,104.244,114.404,95.6,150.95,1562.766,211.1,127.7,232.198,230.15,2338.3900000000003
974,8740100,105.74,28241200,110.85,29926800,95.25,7252900,152.0,4232600,1550.33,11714600,211.0,14220900,128.25,28488700,234.62,4518400,221.75,5712400,2401.73,104.194,113.506,95.0,150.85,1561.096,213.2,128.0,232.47799999999998,227.95,2353.822
975,4652300,106.25,9421300,111.53,15405200,95.25,8161100,155.25,5552600,1567.96,15267500,204.75,16507000,126.0,24296600,242.31,4735500,222.75,2237800,2368.54,104.494,112.56199999999998,95.05,152.05,1561.28,213.35,128.15,234.48199999999997,225.9,2362.2560000000003
976,12092000,104.75,8794100,110.85,20032300,96.0,5672400,156.0,8090700,1597.65,14940600,212.0,10748200,126.75,32257400,239.05,8044100,229.5,2573800,2364.05,105.046,112.06799999999998,95.15,152.65,1561.836,212.75,127.85,236.16,224.65,2370.1519999999996
977,11231500,101.25,23309200,107.48,22888100,96.0,7620800,154.0,6224000,1584.66,14615800,216.75,11869700,128.0,28681500,234.39,5190700,224.5,3460400,2356.87,104.99600000000001,111.43799999999999,94.85,153.2,1566.846,212.15,128.0,236.71999999999997,224.5,2374.638
978,7955900,100.75,19226900,109.95,18697700,96.0,5105300,155.5,3298500,1599.51,11135400,222.0,7895500,129.75,27303400,236.49,4307400,227.0,1977900,2395.45,104.24600000000001,110.268,95.05,154.0,1571.114,212.5,127.6,236.95199999999994,224.5,2378.226
979,8534900,99.5,16288500,112.2,23792600,95.75,6304900,156.5,5036200,1591.16,8904100,212.0,6611700,128.25,21786400,238.58,4536200,226.5,2786600,2381.99,103.748,110.13200000000002,95.7,154.55,1580.0220000000002,213.3,127.75,237.372,225.1,2377.328
980,3869400,101.0,4914000,111.08,24158600,97.5,5111000,157.0,5611000,1605.07,11664300,214.75,8379500,124.25,12074100,237.65,2793200,228.5,3849000,2364.95,102.5,110.402,95.8,155.45,1588.188,213.5,127.75,238.164,226.05,2373.38
981,2473200,100.25,20034800,114.45,18500100,97.0,10948100,153.5,4998800,1604.15,13397800,215.5,6405300,124.75,17684000,238.58,4954000,227.75,2099700,2364.05,101.45,110.31199999999998,96.25,155.8,1595.6100000000001,215.5,127.4,237.23200000000003,227.2,2372.6620000000003
982,2887100,99.5,11388600,112.65,36969900,94.75,32977900,156.0,5363100,1589.3,13102800,219.75,15282500,123.5,19175500,239.79,6919900,224.0,3097000,2313.81,100.55,111.032,96.45,155.3,1596.9099999999999,216.2,127.0,237.138,226.85,2372.6619999999994
983,6530600,98.25,8720800,110.85,16928600,94.0,10420800,156.75,6049500,1585.59,12730300,217.25,7677100,123.5,15419900,238.6,12362800,217.25,6936800,2335.34,100.2,112.066,96.2,155.7,1597.838,216.8,126.1,238.21800000000002,226.75,2364.0499999999997
984,10602000,96.75,9747000,111.08,19596700,93.5,7714600,155.25,5835100,1570.75,11457600,212.0,8478600,123.5,14237800,236.23,5728700,219.25,6051300,2365.84,99.7,112.24600000000001,95.8,155.95,1595.054,215.85,124.85,238.64000000000001,224.8,2352.028
985,11365800,96.0,16329000,112.88,16510200,94.25,5992100,156.75,8444700,1597.65,14551900,209.75,11949200,121.5,20164200,239.08,7236200,213.75,4313900,2408.91,99.15,112.022,95.35,155.7,1590.9720000000002,215.85,123.9,238.17,223.35,2348.798
986,8020800,97.25,15851100,114.45,22429000,93.0,6315100,155.5,55414600,1507.66,10793800,209.75,9087400,120.75,18853100,242.64,3855200,216.25,3546000,2430.44,98.15,112.38200000000002,94.7,155.65,1589.488,214.85,123.35,238.456,220.4,2357.59
987,5489600,96.25,12136300,112.43,26883400,91.0,11299900,155.5,30978500,1523.43,12564100,209.0,15445100,114.75,15886600,239.32,8077200,210.0,3740600,2387.38,97.55,112.38199999999999,93.9,156.05,1570.1899999999998,213.7,122.55,239.26800000000003,218.1,2370.868
988,8526800,95.25,21754800,108.6,21531500,92.0,7640000,152.75,14152800,1530.85,8842800,212.0,12040000,117.25,17085000,235.99,6600100,206.5,3339300,2392.76,96.9,112.33800000000001,93.15,155.95,1557.016,211.55,120.8,239.17399999999998,215.3,2385.582
989,6298200,93.0,18458900,104.33,20331100,89.0,10217600,146.75,12098700,1517.86,10057900,205.25,12381300,112.25,22836900,234.8,5109500,199.75,4323800,2355.98,96.3,111.88799999999999,92.75,155.15,1546.068,210.5,119.55,238.652,213.15,2397.066
990,3912800,95.25,27160000,104.11,30093400,91.25,9780400,148.0,10622200,1555.9,7793100,206.5,12878300,113.75,12189100,235.75,5911100,201.5,2771900,2378.4,95.55,110.53800000000001,91.85,153.45,1535.49,209.15,117.3,238.36599999999999,209.25,2395.094
991,5893100,93.25,33317300,105.91,29281800,91.25,11442300,143.5,8749300,1550.33,10649800,196.25,18103700,113.0,12371700,233.14,5109600,196.0,2377300,2360.46,95.4,108.78399999999999,91.25,151.7,1527.14,208.5,115.75,237.7,206.8,2388.9919999999997
992,8046200,95.75,23726600,107.93,27366200,91.0,10366200,146.75,11865000,1560.54,16610200,199.5,10282500,112.0,12810700,234.33,6140400,199.25,3139000,2398.14,94.6,107.076,90.9,149.3,1535.6739999999998,205.8,114.2,235.8,202.75,2374.996
993,4978000,94.5,15509600,107.25,23986100,90.25,11378600,147.0,9839300,1551.26,12317700,193.5,7555500,114.75,10163500,233.14,5252300,195.75,2320000,2392.76,94.5,106.17600000000002,90.9,147.55,1543.096,203.9,113.65,234.802,200.6,2377.1479999999997
994,6162600,93.25,12210000,106.36,27676000,88.75,5837000,144.75,9009800,1531.78,10996300,201.0,13265100,116.5,12790600,235.04,3096200,193.25,3601900,2355.08,94.35,105.90599999999999,90.55,146.4,1547.178,200.2,113.15,234.23200000000003,198.45,2377.148
995,4662800,92.25,10106300,106.58,14692600,89.25,7212000,145.5,5137700,1542.91,8596600,196.25,12874700,116.25,17067500,236.23,5038100,198.5,3998600,2381.99,94.4,106.31199999999998,90.5,146.0,1549.962,199.35,114.0,234.28000000000003,197.15,2376.968
996,8547300,93.0,26117000,111.53,37563200,90.75,10086200,149.5,7046200,1564.25,12725400,191.25,8635100,118.25,18219900,237.65,7138500,204.5,4988000,2365.84,93.8,106.80600000000001,90.1,145.5,1547.364,197.3,114.5,234.37599999999998,196.55,2377.686
997,6877900,92.75,15738600,109.28,17538600,90.75,9412600,148.0,5172400,1553.12,9375600,195.5,10024400,119.0,7902000,235.52,3333800,201.75,4256900,2327.27,93.75,107.92999999999999,90.0,146.7,1550.148,196.3,115.55,235.27800000000002,198.25,2378.7619999999997
998,4860300,91.75,9087400,109.5,17645700,90.75,7163600,148.75,5631700,1556.83,6752200,202.5,13378100,118.0,11872300,235.52,3210600,204.5,5270500,2308.43,93.15,108.2,89.95,146.95,1548.664,195.5,116.95,235.516,198.75,2364.588
999,4985400,92.25,10632100,111.08,13237600,90.0,7272200,150.0,3992700,1547.55,5901500,198.5,10021800,118.25,9904400,235.75,6392600,203.0,3506700,2293.17,92.6,108.65,90.05,147.3,1549.778,197.3,117.6,235.99200000000002,200.5,2347.722
1000,4414200,92.0,13420600,108.6,17130500,89.5,8804500,150.5,5068500,1545.7,4778600,199.25,11138900,119.5,17689900,236.47,7419600,200.0,3580700,2321.88,92.4,109.59400000000001,90.3,148.35,1552.932,196.8,117.95,236.13400000000001,202.45,2335.34
1001,5506400,94.0,17065000,108.83,21423100,89.5,7083800,152.0,6024800,1539.2,10860600,202.0,11514300,118.75,13904800,237.42,19021100,214.0,2967700,2305.73,92.35,109.998,90.35,149.35,1553.49,197.4,118.6,236.18200000000002,202.75,2323.318
1002,5235300,95.0,15824100,109.28,24658900,90.5,6487800,153.0,5205400,1539.2,6822800,200.75,12199900,118.75,17686600,239.55,14293100,218.25,2286700,2324.57,92.55,109.45800000000001,90.1,149.85,1548.48,199.55,118.7,236.13600000000002,204.65,2311.296
1003,5747900,94.5,13394300,111.08,29620800,89.0,10501500,152.25,7478500,1528.07,7881300,205.75,9037500,116.75,18636800,236.47,7705300,218.75,4003800,2279.72,93.0,109.458,90.05,150.85,1545.696,200.6,118.65,236.942,207.95,2310.7560000000003
1004,5928000,95.5,13082800,109.28,17115500,87.75,5887600,151.75,4112000,1516.93,10224200,205.75,12321700,117.0,9006700,237.42,8100400,221.5,2398100,2276.13,93.55,109.774,89.7,151.55,1539.944,201.25,118.4,237.132,210.8,2305.014
1005,6588800,95.0,62572900,116.02,26229200,87.25,7305800,151.25,5608800,1530.85,11181400,205.75,11616100,114.75,15208400,241.22,8156800,224.0,2712200,2273.44,94.2,109.41400000000002,89.25,151.9,1533.8200000000002,202.7,118.15,237.46600000000004,214.5,2301.6059999999998
1006,2162300,95.25,12697500,114.68,11033300,88.0,5817900,153.0,4457200,1535.49,10221800,207.25,13354500,115.0,15810700,242.4,8318600,225.5,3522100,2292.28,94.8,110.898,88.8,152.05,1530.85,204.0,117.2,238.416,219.3,2291.9180000000006
1007,2999100,96.5,20751500,118.05,10972800,89.0,7074800,154.25,4098300,1537.35,8377300,208.0,21061100,115.0,13484800,244.54,8068200,224.25,2681600,2314.71,95.05,112.06799999999998,88.5,152.25,1530.1079999999997,205.05,116.45,239.41199999999998,221.6,2289.228
1008,1797300,97.25,13170400,118.5,15402300,90.5,8325300,156.0,4670200,1546.62,7994500,213.0,8925600,113.0,8816400,244.78,11144700,229.75,2247100,2327.27,95.35,113.822,88.2,152.5,1529.738,206.5,115.7,240.41,222.8,2287.2560000000003
1009,4182500,98.25,11735800,116.92,27068300,90.0,8803400,157.0,5999900,1557.76,7341500,211.5,11308700,110.5,14459900,245.25,10175000,227.75,2521600,2340.72,95.9,115.306,88.5,153.25,1533.4479999999999,207.95,114.95,242.07199999999997,225.0,2296.7660000000005
1010,5323500,98.0,11824500,116.47,22647400,90.0,5280000,154.25,8925300,1543.84,12053700,211.5,21016400,112.5,14375900,245.01,6293100,222.5,3838600,2327.27,96.45,116.83399999999999,88.95,154.3,1541.614,209.1,113.65,243.638,226.25,2309.684
1011,1647700,98.5,13066300,116.92,34070300,92.0,9238000,154.5,4656700,1546.62,7677500,213.75,21180600,111.0,13792900,245.73,6286300,221.25,3037600,2300.35,97.05,116.924,89.5,154.9,1544.212,210.25,113.2,244.39600000000002,225.95,2320.45
1012,2453900,99.0,4860800,115.57,16857300,92.25,5195800,153.75,2600200,1541.06,3885800,216.25,11364100,109.75,8845300,245.73,2544600,220.0,1424900,2294.07,97.7,117.372,90.3,155.2,1546.4379999999999,211.55,112.4,245.06199999999998,225.1,2322.064
1013,2312200,98.0,9132900,113.55,10943700,91.0,12416400,153.25,5474700,1530.85,8103700,214.25,10256600,112.5,9723100,244.3,3193500,218.25,3072300,2268.05,98.2,116.876,90.95,155.1,1547.1799999999998,213.2,111.35,245.3,224.25,2317.936
1014,1771700,98.25,14531300,114.68,16332200,92.75,14488300,154.25,5836500,1529.92,16845600,212.75,10935800,111.25,18971200,246.2,6139700,219.0,2747600,2292.28,98.35,115.886,91.05,154.55,1544.0259999999998,213.45,111.25,245.204,221.95,2306.0919999999996
1015,2857400,99.0,10400700,115.57,25449700,94.25,16467800,156.0,5965500,1540.13,17794900,208.0,25701500,111.5,14866300,247.39,2703300,218.25,2417600,2310.22,98.35,115.43800000000002,91.6,154.0,1538.458,213.7,111.4,245.394,220.2,2296.4040000000005
1016,3431400,99.75,9311600,115.8,21098300,92.75,21603900,161.0,6038700,1544.77,8710800,204.75,13113100,111.5,27537100,249.76,3547100,222.75,2125500,2292.28,98.55,115.258,92.45,154.35,1537.716,213.0,111.2,245.86999999999998,219.35,2292.9939999999997
1017,2978100,99.0,9795900,115.12,9558000,93.5,15480700,163.0,6215200,1538.27,8357700,208.5,17112000,110.0,43129100,254.75,2285300,223.25,3277700,2301.25,98.8,115.03399999999999,92.6,155.65,1537.346,211.2,111.3,246.67600000000002,219.65,2291.38
1018,4200800,101.25,6359000,114.45,9707200,92.75,11920600,164.5,4579900,1536.42,7424500,204.0,16340500,113.0,17414800,255.22,1668100,224.75,2368300,2309.32,98.8,114.944,92.85,157.5,1536.788,209.65,111.35,248.48000000000002,220.3,2292.816
1019,5382000,101.75,6663800,113.78,10861900,92.5,13596900,159.25,9206400,1516.01,9339100,206.0,20869000,114.5,17012600,253.56,2609900,225.25,2772500,2288.69,99.45,115.124,93.2,159.75,1537.902,207.6,111.45,250.664,221.6,2301.07
1020,6162100,102.25,10139700,114.9,15439300,92.25,11654100,162.75,6389700,1508.58,6219800,206.5,28664800,114.5,13183200,255.7,3295000,226.0,2944900,2326.37,100.15,114.944,93.15,160.75,1535.1200000000001,206.25,112.1,252.13600000000002,222.85,2300.352
1021,8596500,101.5,18521800,115.12,21359600,93.5,11289200,162.25,11699600,1503.02,14063500,207.5,22929500,117.75,17687300,255.22,4470800,225.25,3818100,2295.86,100.8,114.80999999999999,92.75,162.1,1528.81,205.95,112.7,253.798,224.4,2303.582
1022,3278200,102.25,3761600,114.9,13579200,93.25,8777900,163.0,6066000,1498.38,10766900,209.0,15737800,116.5,14194000,256.17,2160700,228.5,5644300,2243.83,101.15,114.674,92.9,162.35,1520.4599999999998,206.5,113.95,254.89000000000001,224.9,2304.2980000000002
1023,4460700,103.25,7760500,115.57,11416100,94.0,10653300,166.5,6258500,1516.01,12047600,208.0,29671200,115.5,19585700,254.04,6538900,235.0,3381100,2243.83,101.8,114.63,92.85,162.35,1512.4820000000002,206.6,115.25,255.17400000000004,225.95,2292.814
1024,4205600,104.5,11395200,116.02,11939200,95.0,12564000,167.5,10055800,1500.23,22202400,205.75,21948100,114.0,13095900,254.99,4739600,229.0,3581100,2261.77,102.2,114.854,93.1,162.75,1508.4,207.4,115.75,254.93800000000002,228.0,2279.716
1025,8347300,104.75,8897700,116.7,21675600,95.0,11013500,165.25,9991400,1473.33,12653800,209.75,18455900,112.25,16464600,252.85,2872900,230.5,5049300,2219.6,102.75,115.30199999999999,93.6,164.4,1505.244,207.35,115.65,255.224,228.75,2274.332
1026,6814300,102.5,21572800,112.65,24774900,94.5,10861000,165.0,10258500,1458.48,12171800,218.25,8136600,113.5,36838500,249.29,2893100,227.75,4016900,2200.76,103.25,115.662,94.15,164.9,1498.194,208.0,115.2,254.654,229.65,2252.978
1027,5393400,103.25,11134300,111.08,72946300,98.5,10803400,162.5,11368900,1456.63,8034600,219.25,8929000,110.75,46168100,245.49,2943600,227.75,3719300,2226.78,103.45,115.168,94.35,165.45,1489.286,210.15,114.35,253.46800000000002,230.15,2233.958
1028,3052200,101.75,7551800,109.73,27905600,97.75,4770500,162.5,3650200,1461.27,7840700,216.5,11757500,110.75,16254100,246.91,2359100,222.5,1447900,2202.56,103.65,114.404,95.4,165.35,1480.936,212.2,113.2,251.33199999999997,230.0,2230.5480000000002
1029,5322200,102.0,13788800,107.7,36165900,94.5,8161400,162.75,9684300,1439.93,5625800,213.0,16046100,108.75,17745800,245.73,2078500,223.25,2785700,2183.72,103.35,113.23599999999999,96.15,164.55,1469.988,213.9,112.25,249.906,227.5,2222.294
1030,4875600,102.25,20195100,105.46,23658800,94.5,14298600,162.5,9905200,1427.87,13435200,215.25,9609900,107.25,20265700,244.06,4541600,221.0,5382400,2141.55,102.85,111.572,96.05,163.6,1457.9280000000003,215.35,111.2,248.054,226.35,2206.684
1031,2824800,101.5,17843900,104.56,16651900,94.25,12026500,161.5,10707200,1450.13,13453500,212.5,22198000,108.5,18356100,245.73,8135400,215.75,5849100,2166.67,102.35,109.324,95.95,163.05,1448.836,216.45,110.2,246.296,224.45,2191.0739999999996
1032,3368400,101.25,26719000,104.11,16384600,95.0,12141500,161.0,6296900,1457.56,10093500,209.5,16193600,109.75,15554400,244.78,4408900,212.0,5326200,2122.71,102.15,107.70599999999999,95.9,162.35,1447.166,215.3,109.2,245.584,222.05,2184.2560000000003
1033,4356900,100.25,13887900,103.66,15479800,95.5,7468700,160.75,5689700,1438.07,6302400,209.5,14509300,109.0,12877600,244.06,2428800,210.75,6138600,2086.82,101.75,106.31199999999998,95.2,162.05,1447.352,213.35,109.0,245.442,218.9,2163.442
1034,4115300,102.0,13462000,103.88,15261000,95.0,10151500,158.0,5004800,1448.28,12683000,210.0,14794000,106.0,13185700,244.78,6145800,215.5,4163800,2110.15,101.45,105.098,94.75,161.7,1442.712,211.95,108.65,244.87199999999999,216.55,2140.2940000000003
1035,4648300,101.75,14532600,104.78,14809400,95.25,13997300,160.0,7707800,1450.13,14063500,208.75,10421000,105.75,19859500,245.96,7402500,211.5,3654700,2128.99,101.45,104.33399999999999,94.85,160.75,1444.3819999999998,211.35,108.1,244.68199999999996,215.0,2125.58
1036,2064500,100.25,15690300,105.23,11920500,94.25,11023300,155.75,8464700,1413.02,9021500,209.5,10369600,106.0,11169800,244.06,5063900,209.0,5728600,2089.51,101.35,104.19800000000001,95.0,160.25,1448.834,210.05,107.8,245.06199999999998,213.1,2123.068
1037,3619700,100.25,6259500,105.01,12384100,93.5,20979600,155.5,8872700,1415.81,18268800,209.25,19929800,106.0,14815000,245.49,4645100,210.0,4601000,2058.11,101.1,104.332,95.0,159.1,1441.4119999999998,209.45,107.3,244.728,211.75,2107.636
1038,1814400,99.75,5513800,104.33,8194900,93.0,9524500,157.5,6919300,1410.24,15135700,210.25,11706300,109.0,11652100,244.3,1664400,209.5,2862900,2047.35,100.9,104.51200000000001,94.7,158.0,1433.062,209.4,106.55,244.87000000000003,211.35,2094.7160000000003
1039,1791600,100.25,25255700,102.31,12343900,93.5,9069300,159.25,10817600,1425.08,12270900,214.0,12992600,107.0,17218600,243.35,3849600,209.75,5015700,2103.87,100.8,104.646,94.2,157.35,1427.4959999999999,209.55,106.55,244.91799999999998,211.1,2086.822
1040,2846400,102.25,25076400,100.37,12914000,94.25,9195900,161.0,7725900,1438.07,12875200,218.0,10735200,106.5,13936900,243.35,6046100,215.75,3935200,2147.83,100.45,104.332,93.9,157.6,1422.856,210.35,106.75,244.63199999999998,209.95,2085.5660000000003
1041,5787100,101.75,17963800,99.67,13893200,93.5,5727300,159.25,8228300,1402.82,8135300,218.75,7621800,104.25,11675400,241.93,5188900,209.75,10292000,2132.58,100.55,103.45,93.7,157.8,1420.444,212.2,106.9,244.10999999999999,210.8,2089.334
1042,2603000,101.0,13542000,99.9,20110000,94.25,4914500,160.0,12038600,1400.96,10147700,215.5,7495000,104.25,11851700,238.37,4042900,206.5,4827900,2163.08,100.85,102.338,93.55,158.5,1418.404,214.05,106.55,243.68400000000003,210.95,2097.948
1043,1805100,100.5,8360300,98.52,7737600,93.0,3394100,156.5,6917700,1394.47,6275700,210.5,4961900,105.0,11049200,238.84,4431600,205.5,2521400,2135.27,101.0,101.316,93.7,159.4,1415.4339999999997,215.3,106.2,242.26000000000005,210.25,2118.942
1044,2947300,102.25,7373400,99.9,15103800,95.0,13418000,156.25,7231000,1407.46,11876400,213.5,6610500,105.0,9239700,240.98,3585400,208.5,2808800,2171.16,101.15,100.154,93.7,159.2,1412.28,215.35,105.4,241.16799999999998,209.45,2136.5260000000003
1045,10395300,105.25,6767100,99.9,21634300,96.75,10646500,158.5,10214900,1436.22,9110600,213.25,10326700,104.5,15346200,239.79,6131700,205.25,3661400,2178.34,101.55,99.672,94.0,158.6,1408.756,215.25,105.0,240.69400000000002,209.2,2149.984
1046,4542600,105.75,7120700,101.06,41570000,98.25,7430000,160.0,6569900,1450.13,5477600,213.75,15400200,104.75,11589900,245.49,20625400,229.5,3892000,2189.1,102.15,99.578,94.5,158.1,1408.386,214.3,104.6,239.98200000000003,207.1,2156.0860000000002
1047,5812800,104.5,7278900,100.37,26523900,97.0,5230500,160.5,5439700,1434.36,7484800,215.5,13290000,103.0,15861300,241.69,5336200,227.0,3656600,2207.94,102.95,99.85600000000001,95.45,158.25,1417.8480000000002,213.3,104.7,240.69400000000002,211.05,2167.3900000000003
1048,2562700,104.5,7834300,98.75,15807200,97.5,3232400,158.5,5232600,1446.42,5678500,216.75,11669000,102.5,12766700,242.16,2570300,227.0,3299900,2212.43,103.65,99.95000000000002,96.0,158.35,1424.528,213.3,104.45,241.358,215.15,2176.362
1049,2519300,104.25,7769600,97.59,21504000,96.25,7402800,158.25,22676900,1400.96,9014900,213.75,16385200,101.25,9795000,243.35,3242400,230.75,2799000,2207.94,104.45,99.99600000000001,96.9,158.75,1434.9180000000001,214.55,103.95,242.02200000000002,219.45,2191.7940000000003
1050,3266300,104.75,14417800,96.67,16553600,96.25,8100600,158.75,10924200,1422.3,6061300,212.5,30058700,96.75,18656800,246.44,3410300,228.75,2839300,2207.04,104.85,99.53400000000002,97.15,159.15,1433.618,214.6,103.2,242.496,223.9,2199.1500000000005
1051,2087700,105.0,6978600,96.9,22480500,97.75,5350500,159.5,7023200,1417.66,4924400,215.25,13475800,94.5,14511000,248.34,5897500,232.25,2499700,2189.1,104.75,98.888,97.05,159.2,1430.834,214.45,101.65,243.82600000000002,228.6,2204.8900000000003
1052,6419800,102.25,12345300,94.35,32359800,94.5,10314700,155.5,11556000,1393.54,9443200,213.75,19583300,97.75,22610000,244.54,5187300,224.25,3987700,2140.65,104.6,98.05600000000001,96.95,159.1,1424.34,214.75,99.6,244.39600000000002,229.15,2204.89
1053,3486000,98.75,5556700,93.43,24083700,93.0,5404800,155.5,6273900,1393.54,10137100,217.25,14986100,96.75,19274700,241.45,4681500,222.5,3805100,2160.39,104.15,96.852,96.45,158.1,1416.176,214.4,98.55,244.96600000000004,228.6,2191.432
1054,4662400,103.75,6262500,93.89,8592400,95.0,6561700,157.25,5290900,1393.54,14397200,211.0,14590000,98.5,15907000,245.01,3358600,222.5,2500000,2162.19,103.0,95.788,95.55,157.5,1405.6,214.5,97.4,244.82399999999998,227.7,2181.024
1055,5628500,103.0,7460300,94.58,14786300,93.25,8118900,156.25,9289800,1380.21,14036100,203.25,11085700,101.75,11171900,243.59,6737000,219.0,3410500,2156.28,102.9,95.04799999999999,95.3,157.3,1404.116,213.95,96.85,245.156,226.05,2171.874
1056,8187800,100.25,5561500,93.66,9458600,93.0,8985800,157.25,6943200,1378.34,5876800,199.75,29901100,101.0,14472200,244.78,7252000,216.75,4491900,2198.06,102.55,94.63,94.7,156.8,1395.6979999999999,212.1,97.85,244.58599999999996,224.1,2161.722
1057,7382600,98.0,5804400,94.35,7989100,92.25,6160700,156.0,6531100,1373.65,6276900,201.75,26797400,102.0,10985800,245.49,6389000,213.25,2829400,2185.35,101.6,93.982,93.75,156.35,1387.834,209.0,99.15,243.87400000000002,221.0,2163.514
1058,7085500,99.0,9111400,97.59,14635400,94.5,5773000,158.75,9811200,1398.98,12930100,201.5,14346900,100.25,17327300,248.57,6488700,214.0,2858700,2182.62,100.75,93.982,93.3,156.45,1383.8560000000002,206.6,100.0,244.064,218.8,2172.454
1059,6615100,98.75,8017600,97.82,13135900,94.25,11204400,162.0,8975900,1401.8,8816800,200.75,11207400,102.5,14589800,249.76,7751300,217.0,3596400,2175.36,100.8,94.81400000000001,93.6,157.1,1384.944,203.45,100.7,245.488,217.1,2176.9
1060,2895200,99.5,5580700,98.05,12147500,95.25,10030900,162.5,8802300,1409.3,12287700,207.5,16987300,101.5,8658000,248.1,4782700,214.0,1562400,2176.26,99.8,95.60000000000001,93.45,158.05,1386.596,201.4,101.5,246.43800000000002,216.0,2179.5340000000006
1061,1927100,98.75,8010300,98.05,13256900,94.5,5731200,161.5,10168400,1421.5,19447600,211.0,10931800,103.0,11601100,250.71,1037400,215.5,3329000,2192.61,99.1,96.29400000000001,93.85,159.3,1392.414,202.25,101.45,247.33999999999997,215.0,2183.5299999999997
1062,2211300,99.75,2603300,97.59,7707700,95.0,8167500,160.75,4915200,1434.64,10542400,210.0,4158900,103.5,9955700,250.47,3514000,213.75,2005900,2213.5,98.8,97.172,94.15,160.15,1401.046,204.5,101.85,248.52599999999998,214.75,2182.44
1063,1705800,100.5,5631400,98.98,12253200,94.75,4187900,162.75,5103200,1435.57,8083800,204.5,6917100,102.25,11348400,252.61,2040900,216.5,2973300,2247.11,99.15,97.82000000000001,94.7,161.1,1413.2440000000001,206.15,102.15,249.522,214.85,2188.07
1064,3116500,102.5,7133700,98.98,11361600,96.0,7640900,162.0,5305100,1442.14,8890000,200.0,10824400,105.0,10825000,251.66,3564000,219.0,1948600,2243.48,99.45,98.098,94.75,161.9,1420.5620000000001,206.75,102.55,250.33,215.35,2200.9680000000003
1065,4092400,103.5,9763200,99.67,25066700,96.75,9113400,159.0,5624500,1444.96,6058400,202.25,9867300,105.0,12993100,253.09,1676200,218.0,2809500,2250.74,100.2,98.33000000000001,95.1,161.9,1428.63,206.6,103.05,250.70999999999998,215.75,2214.592
1066,6842000,105.75,6454700,100.83,25087100,99.5,8443400,157.25,8534800,1472.17,11752300,202.25,15093200,105.0,15750800,253.56,4526500,220.5,2192300,2281.63,101.0,98.65400000000001,95.4,161.2,1435.7620000000002,205.55,103.75,251.708,216.55,2229.4880000000003
1067,3135400,105.5,7589000,101.75,27353600,101.75,10789400,155.5,5718700,1474.98,9439500,203.5,7338900,103.5,18757800,254.99,2521700,220.25,2607600,2314.32,102.4,99.21000000000001,96.4,160.35,1445.8960000000002,203.8,104.15,252.27800000000002,217.55,2247.292
1068,4590000,106.0,8763200,99.9,21800700,99.5,11749600,157.5,8315600,1451.52,10580600,201.0,12840800,104.0,27787300,252.61,3337200,220.0,4958000,2320.68,103.55,100.042,97.75,159.3,1453.964,202.5,104.15,253.18200000000002,218.85,2267.4559999999997
1069,3563000,106.75,4878200,100.83,17739500,100.75,8135300,158.25,6319200,1474.04,13844700,201.0,7094100,104.0,22520100,250.24,2434600,220.5,2603000,2320.68,104.65,100.226,98.7,158.25,1457.154,201.8,104.5,253.18199999999996,219.55,2282.17
1070,4737800,108.0,5716600,101.75,14926600,101.5,7684100,158.25,7141900,1490.93,10438000,200.5,10257300,105.5,24388300,252.14,2137800,221.0,2340300,2327.95,105.5,100.59599999999999,99.65,157.5,1463.534,202.0,104.3,252.898,219.85,2297.61
1071,3635600,109.5,9711100,101.98,29541800,104.25,9051300,159.75,6588100,1496.56,6483400,205.0,14413700,105.5,12281200,255.22,6429700,219.0,4295300,2385.17,106.4,101.012,100.6,157.35,1472.728,201.65,104.4,252.708,220.45,2313.0520000000006
1072,2083500,110.25,4679900,101.98,9499700,104.25,5424600,159.75,4857300,1494.69,2715900,207.25,9891200,105.0,9964300,256.88,3501600,220.5,3650500,2420.59,107.15,101.242,101.55,157.85,1477.6060000000002,202.2,104.5,253.04000000000002,220.15,2333.76
1073,3186900,109.25,23757600,106.15,29677300,103.75,8343300,160.25,5025900,1502.19,11439600,208.75,14814900,102.0,12244900,254.99,3258600,219.5,4253500,2389.71,108.1,101.28800000000001,102.05,158.7,1481.548,202.95,104.8,253.41800000000003,220.2,2355.014
1074,4459500,107.75,8805400,105.68,24801200,101.5,14981900,161.75,8158000,1498.44,6900700,208.75,16102500,103.0,12793700,253.56,2950000,217.5,5469700,2378.81,108.75,102.53800000000001,102.9,159.25,1491.6820000000002,204.5,104.4,253.894,220.1,2368.8199999999997
1075,6083200,108.25,6424600,104.3,18287600,100.5,11944600,163.25,25920100,1470.29,14118500,213.0,31094700,106.75,10986200,255.7,4804500,212.75,16801200,2279.81,108.95,103.508,103.05,159.95,1496.5620000000004,206.05,104.2,254.558,219.5,2380.446
1076,4637700,108.0,3645600,104.99,10424200,101.75,9456700,162.5,7394400,1471.23,9965000,211.75,15047600,108.0,14608600,257.36,4442800,214.0,12984400,2225.31,109.0,104.018,102.85,160.95,1492.4340000000002,208.55,104.45,255.27000000000004,217.85,2370.818
1077,4219500,109.0,10920400,107.07,14395400,103.75,9923400,162.75,7443100,1469.35,8573000,213.25,18166900,109.5,11417600,255.46,5810800,216.75,22443600,2125.4,108.7,104.62,102.35,161.5,1487.368,209.9,104.95,255.69800000000004,216.85,2338.846
1078,5312500,109.25,13341300,104.99,16498300,102.0,6812000,164.0,6146500,1461.85,8471300,215.5,13963600,110.75,13361400,256.17,4859500,214.75,7238700,2132.67,108.45,105.638,102.25,162.1,1482.3,211.1,105.85,255.414,216.1,2279.808
1079,4530500,109.75,14136300,103.14,9922100,101.25,6489500,163.0,12381600,1459.97,11764600,219.0,32776500,112.75,17419200,256.88,3776100,213.5,5293600,2138.12,108.45,105.40599999999999,101.9,162.85,1474.232,212.45,107.6,255.65,215.15,2228.4
1080,2892700,109.0,11680000,101.75,17670700,102.75,6139400,165.25,8934700,1463.72,4411800,218.25,13604700,112.25,12131700,259.02,4665800,213.0,4966700,2116.32,108.85,104.898,101.85,163.1,1466.538,214.5,109.55,256.314,214.35,2180.262
1081,7243900,109.5,21445200,98.98,27514500,104.75,9922000,166.75,12005500,1468.41,6956400,216.25,12633700,110.25,26720100,261.87,4525400,216.5,5242800,2119.04,109.0,104.388,102.3,163.5,1465.2240000000002,215.55,110.65,256.97799999999995,214.4,2147.564
1082,4176200,109.5,14261000,97.13,14508500,102.75,10221700,166.0,8296900,1468.41,10066100,216.75,16164300,109.75,13673700,261.4,7278800,211.5,4079100,2115.41,109.3,103.18599999999999,102.9,164.35,1464.66,216.45,111.1,257.88,214.9,2126.31
1083,3387800,110.0,12034500,97.36,22311900,102.25,4365700,164.5,9587500,1482.49,5945600,220.0,22923000,108.0,36563800,270.65,4128000,213.5,4106300,2139.02,109.4,101.19800000000001,102.7,165.0,1464.472,217.15,111.15,259.06800000000004,213.85,2124.3120000000004
1084,2243600,109.5,7861100,96.2,15129900,100.5,8009900,162.0,12912000,1493.75,9117600,218.25,27568300,107.25,45404900,269.23,7405300,209.5,3387400,2146.29,109.55,99.672,102.75,165.1,1468.6,218.05,110.6,261.96400000000006,213.6,2125.582
1085,7206800,109.25,6585100,95.05,21091200,100.0,8100000,163.75,10921800,1497.5,13130400,218.25,15587900,105.5,20131300,270.65,7347400,207.0,3303400,2135.39,109.5,98.284,102.6,164.9,1475.356,217.9,109.5,264.434,212.8,2127.2160000000003
1086,757300,108.5,34623100,93.2,14798600,99.0,16395600,167.5,8861100,1517.2,7285700,217.25,9911400,104.0,11687900,271.6,5901400,208.0,1946300,2129.94,109.55,96.944,102.05,164.6,1482.112,217.9,108.15,266.76000000000005,211.6,2131.0299999999997
1087,2762400,109.25,9392800,92.27,8266200,97.75,8412700,166.25,6678300,1494.69,9502000,219.25,5651400,104.5,20777600,274.93,4578700,208.5,2970300,2108.14,109.35,95.788,100.9,164.75,1491.87,218.1,106.9,268.70599999999996,209.9,2133.21
1088,5107300,110.5,26944600,89.27,7496700,98.0,5994100,166.75,4266100,1503.13,7940300,218.0,18545800,107.75,17750200,274.45,4491400,208.0,5051100,2089.98,109.3,94.816,99.9,164.8,1497.1259999999997,218.6,105.85,271.41200000000003,209.3,2131.756
1089,5784300,113.5,37883100,89.5,17353200,98.25,11906400,168.5,6632400,1498.44,12999700,217.5,28454400,108.0,18228100,276.41,6747700,214.5,8912600,2069.09,109.4,93.198,99.05,165.25,1501.254,218.2,105.8,272.172,208.2,2121.948
1090,7117600,114.25,43824100,90.42,21353800,99.25,13142400,170.75,9247700,1497.5,23537200,217.5,26929100,110.0,20784600,273.06,5857700,211.0,7326100,2057.28,110.2,91.85799999999999,98.6,166.55,1502.1919999999998,218.05,105.95,273.60800000000006,209.2,2106.508
1091,4786800,116.25,22563600,93.66,30370900,102.5,10955800,172.5,10426000,1520.96,10335200,222.0,16873500,106.5,12938700,276.65,6696200,219.0,5199600,2079.99,111.2,90.932,98.45,167.95,1502.1920000000002,217.9,106.85,274.09000000000003,210.0,2090.886
1092,4772800,117.75,13322100,95.74,28691300,105.0,8435800,176.5,7823800,1535.97,15453100,224.75,15517700,106.25,17122900,278.32,8348100,221.0,6037800,2074.54,112.75,91.024,99.15,168.95,1502.944,218.85,107.35,275.1,212.2,2080.8959999999997
1093,4458000,118.25,13107400,94.35,14421000,104.5,8636200,175.5,10346300,1551.92,13466800,231.5,15506000,108.0,13877900,278.08,8606000,222.25,3879100,2073.63,114.45,91.718,100.6,171.0,1511.2,219.95,107.7,275.778,214.7,2074.1760000000004
1094,4354400,117.25,8850400,93.43,11671000,105.0,8066100,173.5,7531700,1561.3,8945700,238.5,13479400,109.0,15265900,277.84,5251000,220.25,13949200,2010.96,116.0,92.73400000000001,101.9,172.75,1520.958,222.65,107.75,276.504,217.55,2070.9060000000004
1095,8999400,115.75,14128800,92.73,18302400,103.0,13176100,172.0,9123000,1570.69,7738000,233.0,15789900,109.25,22816100,274.25,10781100,224.0,14172800,1961.0,116.75,93.52,103.25,173.75,1533.5300000000002,226.85,107.95,276.78999999999996,218.7,2059.28
1096,7341700,115.25,9359700,91.81,22197900,102.25,5186200,173.5,6810600,1569.75,8108700,232.5,10980400,108.5,14417000,276.65,5359200,220.0,4303900,1966.45,117.05,93.982,104.0,174.0,1548.1680000000001,229.95,107.8,277.02799999999996,221.3,2040.024
1097,8086400,115.5,15365500,90.65,23853900,102.0,9609200,170.75,4660500,1566.93,3490100,233.25,12789300,107.75,18262200,274.97,3652000,216.5,3798000,1980.07,116.85,93.612,103.95,174.2,1557.9260000000002,232.05,108.2,277.02799999999996,221.5,2017.316
1098,5943600,114.0,14118200,90.42,24021500,100.25,10268300,168.75,5554000,1536.91,6220900,232.75,12284800,106.75,15291400,274.73,3939100,213.75,3013800,1962.82,116.4,92.59400000000001,103.35,173.05,1564.118,233.75,108.5,276.358,220.6,1998.422
1099,13327500,113.0,10536800,92.73,20019400,101.75,10160000,171.5,7078100,1524.71,10771200,233.0,13685700,108.0,21488800,277.12,5607700,214.5,3648300,1951.01,115.55,91.808,102.5,171.7,1561.116,234.0,108.25,275.688,218.9,1976.2599999999998
1100,5142400,114.0,21055400,93.43,25569800,101.25,9898600,171.25,7936800,1522.83,9490900,231.0,8394300,107.25,19048900,278.08,8111800,210.75,4749100,1922.85,114.7,91.66800000000002,101.85,171.3,1553.798,232.9,108.05,275.544,217.75,1964.2699999999998
1101,6914100,113.75,20625600,93.2,22968500,99.25,8229300,168.0,6114400,1510.64,8495500,234.75,5715000,109.0,10958800,276.65,5498800,210.5,5906000,1910.14,114.35,91.808,101.5,171.15,1544.226,232.5,107.65,276.31,215.1,1956.64
1102,4978900,114.75,7352200,92.27,21744500,99.75,6615000,168.0,5235600,1506.88,6434100,231.25,5394000,107.75,15654900,273.77,3737000,214.0,3499600,1941.02,114.05,92.086,100.9,170.05,1532.404,232.95,107.75,276.31000000000006,213.2,1945.378
1103,8011000,116.5,13174800,94.12,43284500,101.5,12836700,168.75,6446600,1523.77,11822300,235.25,9478300,106.25,20846600,277.12,4458600,216.5,5389100,1985.52,113.9,92.41,100.45,169.5,1520.394,232.55,107.75,276.07,212.7,1937.568
1104,3192100,112.25,13288900,92.73,29476600,99.5,6603600,168.75,7137100,1510.64,11983400,236.5,7372800,104.75,11757700,276.65,6493200,214.25,5764200,1974.62,114.4,93.15,100.7,169.5,1517.766,233.05,107.65,276.54799999999994,213.25,1942.1080000000002
1105,4659000,113.75,10782200,93.2,17719000,99.5,7057900,169.5,7889100,1499.38,11861000,243.0,12364500,101.25,23840600,274.73,7484900,213.5,12790400,2014.59,114.25,93.15,100.25,168.95,1514.9520000000002,233.75,107.0,276.454,213.2,1946.8300000000004
1106,2608300,114.25,12750800,93.66,15871800,100.5,4614700,169.0,5977700,1496.56,8173300,238.25,12615100,104.5,20046000,271.86,5405000,212.75,5256900,1995.51,114.2,93.10400000000001,99.9,168.6,1510.2620000000002,236.15,105.8,275.784,213.75,1965.1779999999999
1107,4994800,114.0,14465500,92.5,14593700,98.5,2260100,168.0,6364900,1481.55,8312800,236.5,19332700,106.5,17493200,268.51,5475900,210.75,4364300,1963.72,114.3,93.196,100.15,168.8,1507.446,236.85,104.9,274.826,214.2,1982.252
1108,4750100,115.0,6568200,92.97,11696700,100.0,7053600,170.0,3905600,1486.24,8748400,237.75,29205700,108.25,18966700,273.3,2734000,213.75,2503200,1970.08,114.15,93.242,99.9,168.8,1502.38,237.9,104.65,273.774,213.55,1986.792
1109,3296000,115.75,4664600,93.89,10423700,100.0,3198000,170.5,4215200,1496.56,6917400,233.5,12017900,107.0,22320000,278.08,9569000,216.75,3370200,2006.41,113.85,93.01200000000001,99.6,169.05,1494.874,238.4,105.05,273.01,213.0,1983.7040000000002
1110,3973500,116.0,7606700,95.97,14425600,100.0,6402700,172.75,6709200,1520.02,8685400,234.5,14434800,108.25,18134000,277.12,12542600,211.5,3448800,2017.31,114.55,93.244,99.7,169.4,1492.0579999999998,237.8,105.5,273.296,213.5,1990.062
1111,3776900,115.25,17538500,96.67,10631700,99.0,4201400,171.75,6493800,1505.94,5302900,236.75,11374800,107.25,14257000,274.73,10290500,209.5,3340600,2027.3,115.0,93.798,99.8,170.05,1496.1860000000001,236.1,106.9,273.774,213.1,1990.6059999999998
1112,2864100,116.75,9625500,96.9,15786600,100.75,3501000,173.0,5248900,1536.91,4569700,241.25,4890900,107.25,10954300,277.84,8079100,213.25,2772900,2037.3,115.2,94.4,99.5,170.6,1498.0620000000004,235.8,107.45,274.34799999999996,212.45,1996.964
1113,3447300,118.0,7550200,98.98,11285500,102.0,5680200,174.0,5087400,1545.35,6923000,238.25,10296000,107.0,14077400,276.41,6763700,215.5,3391800,2050.01,115.75,95.28000000000002,99.95,171.6,1509.134,236.75,107.6,276.214,212.95,2011.6799999999998
1114,4310100,119.25,15399100,98.75,19262000,103.5,6289200,174.5,5473800,1556.61,46000400,243.25,10555000,107.25,13478900,279.04,9286200,217.0,7676100,2106.33,116.35,96.48200000000001,100.35,172.4,1520.9560000000001,236.85,107.35,276.836,213.3,2027.6660000000004
1115,2760100,119.25,18659200,97.59,8339200,103.0,10147300,171.5,4957000,1551.92,13353500,245.5,7443800,107.75,16203100,276.65,4559400,215.5,3757500,2106.33,117.05,97.454,101.05,173.2,1532.966,238.8,107.4,277.028,213.35,2047.65
1116,4110700,118.75,48467900,99.67,19683500,104.5,10447600,170.5,5442100,1547.23,9697300,238.0,21755400,106.75,17225400,278.32,10537200,219.0,3802600,2109.96,117.7,97.77799999999999,101.65,172.95,1539.346,241.0,107.3,276.934,214.15,2065.454
1117,4802300,119.5,18321600,99.44,15614100,104.25,6377900,168.25,7833500,1526.59,6967700,242.75,5508700,107.25,15137900,279.28,6042900,217.25,2169600,2092.7,118.4,98.37800000000001,102.75,172.7,1547.604,241.25,107.2,277.652,216.05,2081.986
1118,3807000,120.0,23670500,101.29,10797800,104.0,11407900,166.25,9087100,1520.02,6374000,241.0,7198300,109.5,16513000,280.71,5346900,217.25,3399600,2109.96,118.95,98.88600000000001,103.45,171.75,1545.5400000000002,241.55,107.2,277.94,216.85,2093.0660000000003
1119,3907200,120.5,93557100,107.77,12419000,103.75,12067300,165.25,7614900,1527.53,8696900,240.0,7115100,113.25,19317000,282.39,13856600,224.75,2831900,2100.88,119.35,99.348,103.85,170.2,1540.4740000000002,242.1,107.7,278.8,217.2,2105.0559999999996
1120,5698000,123.0,30252900,110.77,8500000,105.75,12272000,169.5,5569200,1543.48,9623300,241.75,7527900,112.5,13589900,284.54,6311700,228.5,2850400,2119.95,119.6,101.152,103.9,168.35,1534.658,241.45,108.9,279.46999999999997,218.75,2103.9660000000003
1121,3005800,123.5,22174600,110.31,25596800,106.75,6255700,168.5,6782500,1538.78,8890800,245.5,21959900,112.0,12669300,286.94,11223300,231.25,3659800,2103.6,120.35,103.78800000000001,104.45,167.95,1532.97,240.7,109.85,281.04799999999994,221.35,2106.69
1122,2748200,123.25,11426500,109.62,18720700,107.5,12383200,166.5,6078700,1535.03,7912300,247.75,12293100,111.5,21985100,288.13,6909700,231.0,3531700,2115.41,121.3,105.91599999999998,104.9,167.55,1531.2799999999997,242.2,110.9,282.77200000000005,223.8,2105.418
1123,7137300,121.25,12329200,109.38,14109100,106.5,7659000,166.75,6983100,1526.59,7718900,252.5,18346300,112.25,13258600,287.65,7600300,229.75,2538200,2123.58,122.05,107.952,105.55,167.2,1532.968,243.2,111.75,284.54200000000003,226.55,2109.96
1124,9054100,124.0,14820500,110.54,21877200,109.25,39883900,158.5,7584700,1532.22,10388600,248.25,14222800,111.25,19829400,286.7,6054800,236.0,4658100,2147.2,122.3,109.57000000000001,106.05,167.3,1534.282,245.5,112.3,285.93,229.05,2112.684
1125,10404800,125.25,16820100,110.08,17157000,109.5,18437400,155.0,6415200,1548.17,21445300,246.0,9688100,109.5,21009400,287.41,5757500,233.0,5062800,2149.92,123.0,110.124,107.15,165.95,1535.22,247.15,111.9,286.79200000000003,231.3,2121.9479999999994
1126,8921600,126.0,12255500,108.23,10404700,108.25,15124300,151.25,7709600,1535.97,14723700,251.0,6631900,108.25,12531400,284.06,7053800,235.5,37787300,1948.28,123.45,109.98600000000002,107.9,163.05,1536.158,248.0,111.3,287.366,232.2,2127.942
1127,5690600,126.75,16701300,106.84,8510200,107.5,16484200,150.25,6257900,1533.16,8814700,241.75,11301700,109.5,11064400,282.87,3991900,232.0,7253800,1934.66,123.95,109.57000000000001,108.2,159.6,1535.596,249.1,110.55,286.79,233.05,2096.878
1128,7287500,126.75,13704400,105.92,8945200,108.0,11887800,151.5,6355600,1521.9,7017200,237.5,17505700,109.25,12893900,283.35,3799000,233.25,6616400,1948.28,124.65,109.01400000000001,108.2,156.35,1535.222,247.9,110.15,285.738,233.25,2060.728
1129,7379900,126.25,18706100,104.07,15461800,107.0,11637600,151.25,9048500,1516.27,8201300,240.0,14620500,108.5,24524500,285.26,3722000,235.75,6843600,1906.5,125.75,108.322,108.5,153.3,1534.284,244.9,109.55,284.878,233.95,2025.6680000000001
1130,5636200,126.75,10654100,105.68,5282800,107.25,6327400,150.0,3834300,1527.53,3836400,241.25,4455800,110.0,42172500,295.55,4174200,237.75,4595500,1895.6,126.2,107.02799999999999,108.05,151.85,1531.0940000000003,243.25,109.0,284.59000000000003,233.9,1977.5279999999998
1131,3648900,128.5,3025000,105.45,6744100,107.0,7960800,149.25,2679900,1527.53,4196300,244.5,2274500,109.75,16235800,292.44,5115800,240.0,2586900,1889.24,126.5,106.148,107.6,150.85,1526.9660000000001,242.3,109.1,286.21799999999996,234.85,1926.664
1132,9434200,130.25,6142500,104.99,11850800,107.0,8438500,147.75,5708400,1524.71,7577600,244.5,7320600,109.5,19520700,289.81,6542300,239.0,3386500,1902.87,127.0,105.59200000000001,107.35,150.45,1525.2779999999998,241.0,109.4,287.894,235.75,1914.8560000000002
1133,10644400,131.25,10821800,104.99,11248700,106.25,11580900,145.75,9986300,1508.76,11902300,243.0,13585100,108.0,17288200,288.61,7741500,237.0,5285300,1857.45,127.7,105.22200000000001,107.25,149.95,1523.588,241.55,109.4,289.28200000000004,237.15,1908.4979999999996
1134,9355600,131.5,7207600,104.53,17742800,107.75,10478100,149.5,9231900,1546.29,12031100,247.0,12234100,108.75,13528400,291.48,6829000,237.25,3632100,1886.52,128.6,105.03599999999999,106.9,148.8,1520.96,242.65,109.15,290.334,237.9,1890.3319999999999
1135,18262700,135.5,11386700,104.76,29918700,112.0,24801000,148.25,7769100,1563.18,8385600,245.25,17382100,106.5,22264000,296.75,4804900,240.5,4463900,1920.13,129.65,105.128,107.05,148.45,1526.9640000000002,244.05,109.2,291.578,238.2,1886.336
1136,15566500,134.0,15141800,106.84,46424900,110.5,12970400,149.5,9704700,1567.87,9652400,250.5,21534700,105.25,22373500,296.99,4172600,238.25,4999900,1898.33,131.4,104.944,108.0,148.1,1534.094,244.85,108.5,291.81800000000004,238.75,1891.2419999999997
1137,6515500,133.0,7415400,106.38,9887700,110.0,8984700,148.75,4991300,1564.12,21737800,253.5,13622300,103.0,11600500,296.51,2432500,236.25,4136100,1873.8,132.5,105.22200000000001,108.7,148.15,1542.162,246.05,107.6,292.728,238.4,1893.06
1138,7494200,132.0,8434500,105.68,26773000,107.75,8988300,148.25,6709700,1552.86,17792200,257.25,11723900,102.0,11977500,295.55,4238200,235.25,3520000,1896.51,133.05,105.5,109.3,148.35,1550.044,247.85,106.3,294.068,237.85,1887.2459999999999
1139,8091600,130.5,10149100,104.99,20320600,107.25,9024600,146.75,6345200,1541.6,13014800,245.5,21167000,102.75,12567300,295.31,4481300,231.5,4115600,1901.96,133.2,105.638,109.6,148.85,1558.864,250.7,105.1,295.456,237.5,1895.0579999999998
1140,5976300,129.5,14548000,105.68,12159600,107.25,5819100,147.5,12919900,1566.0,8444800,244.5,19977500,105.5,13392600,296.75,3271900,230.75,4619600,1921.94,133.0,105.72999999999999,109.5,148.3,1557.926,250.4,103.9,296.222,236.35,1898.146
1141,7781700,129.0,5365300,105.45,7353300,106.5,7603400,147.0,6455300,1574.44,9168500,238.5,14449600,105.0,16013600,294.35,3681400,229.0,6627100,1912.86,131.8,105.91399999999999,108.55,148.15,1558.4899999999998,250.25,103.7,296.222,234.4,1898.5080000000003
1142,4473500,131.25,9434600,107.53,11313600,109.0,4955000,147.25,14919400,1613.85,6785300,238.25,17630500,105.0,14437600,295.31,3556400,234.25,5675100,1889.24,130.8,105.63600000000001,107.75,147.65,1559.804,247.85,103.65,295.69399999999996,232.55,1901.4140000000002
1143,6081700,132.0,17842300,107.77,10775600,108.75,8111600,147.25,8115500,1591.33,6447400,241.75,11334100,106.0,10884900,297.23,2320400,233.0,6682800,1867.45,130.45,105.86600000000001,107.55,147.35,1569.75,244.8,104.05,295.454,232.15,1904.502
1144,4549200,132.75,11099400,107.53,13699400,110.0,8103200,146.5,8010600,1601.65,8573300,239.75,4919300,105.5,20365000,298.18,2781000,235.0,4346600,1845.65,130.45,106.28399999999999,107.75,147.15,1577.444,241.7,104.85,295.79,231.7,1898.69
